  0   0.00000000E+00
  1   0.11648928E-02
  2   0.34946785E-02
  3   0.81457440E-02
  4   0.15084066E-01
  5   0.24241747E-01
  6   0.35517614E-01
  7   0.48778404E-01
  8   0.63860536E-01
  9   0.80572449E-01
 10   0.98697431E-01
 11   0.11799693E+00
 12   0.13821428E+00
 13   0.15907873E+00
 14   0.18030980E+00
 15   0.20162171E+00
 16   0.22272798E+00
 17   0.24334598E+00
 18   0.26320136E+00
 19   0.28203243E+00
 20   0.29959410E+00
 21   0.31566155E+00
 22   0.33003351E+00
 23   0.34253508E+00
 24   0.35301995E+00
 25   0.36137217E+00
 26   0.36750725E+00
 27   0.37137279E+00
 28   0.37294841E+00
 29   0.37224519E+00
 30   0.36930463E+00
 31   0.36419696E+00
 32   0.35701919E+00
 33   0.34789255E+00
 34   0.33695993E+00
 35   0.32438269E+00
 36   0.31033760E+00
 37   0.29501346E+00
 38   0.27860776E+00
 39   0.26132339E+00
 40   0.24336541E+00
 41   0.22493787E+00
 42   0.20624097E+00
 43   0.18746838E+00
 44   0.16880482E+00
 45   0.15042405E+00
 46   0.13248697E+00
 47   0.11514027E+00
 48   0.98515317E-01
 49   0.82727320E-01
 50   0.67874908E-01
 51   0.54039970E-01
 52   0.41287746E-01
 53   0.29667214E-01
 54   0.19211676E-01
 55   0.99395569E-02
 56   0.18553482E-02
 57  -0.50493083E-02
 58  -0.10794440E-01
 59  -0.15410500E-01
 60  -0.18937070E-01
 61  -0.21421570E-01
 62  -0.22917962E-01
 63  -0.23485489E-01
 64  -0.23187479E-01
 65  -0.22090187E-01
 66  -0.20261737E-01
 67  -0.17771138E-01
 68  -0.14687398E-01
 69  -0.11078730E-01
 70  -0.70118625E-02
 71  -0.25514360E-02
 72   0.22404925E-02
 73   0.73048607E-02
 74   0.12585924E-01
 75   0.18031498E-01
 76   0.23593128E-01
 77   0.29226184E-01
 78   0.34889907E-01
 79   0.40547393E-01
 80   0.46165533E-01
 81   0.51714920E-01
 82   0.57169709E-01
 83   0.62507473E-01
 84   0.67709014E-01
 85   0.72758183E-01
 86   0.77641666E-01
 87   0.82348779E-01
 88   0.86871259E-01
 89   0.91203056E-01
 90   0.95340125E-01
 91   0.99280208E-01
 92   0.10302265E+00
 93   0.10656823E+00
 94   0.10991896E+00
 95   0.11307792E+00
 96   0.11604910E+00
 97   0.11883731E+00
 98   0.12144796E+00
 99   0.12388700E+00
100   0.12616077E+00
101   0.12827598E+00
102   0.13023949E+00
103   0.13205834E+00
104   0.13373964E+00
105   0.13529049E+00
106   0.13671798E+00
107   0.13802905E+00
108   0.13923058E+00
109   0.14032920E+00
110   0.14133139E+00
111   0.14224340E+00
112   0.14307122E+00
113   0.14382060E+00
114   0.14449699E+00
115   0.14510559E+00
116   0.14565127E+00
117   0.14613864E+00
118   0.14657198E+00
119   0.14695530E+00
120   0.14729229E+00
121   0.14758635E+00
122   0.14784056E+00
123   0.14805771E+00
124   0.14824033E+00
125   0.14839061E+00
126   0.14851047E+00
127   0.14860155E+00
128   0.14866519E+00
129   0.14870247E+00
130   0.14871418E+00
131   0.14870083E+00
132   0.14866266E+00
133   0.14859961E+00
134   0.14851139E+00
135   0.14839743E+00
136   0.14825687E+00
137   0.14808857E+00
138   0.14789113E+00
139   0.14766289E+00
140   0.14740188E+00
141   0.14710587E+00
142   0.14677234E+00
143   0.14639850E+00
144   0.14598127E+00
145   0.14551726E+00
146   0.14500283E+00
147   0.14443401E+00
148   0.14380653E+00
149   0.14311588E+00
150   0.14235719E+00
151   0.14152533E+00
152   0.14061485E+00
153   0.13962004E+00
154   0.13853486E+00
155   0.13735300E+00
156   0.13606791E+00
157   0.13467272E+00
158   0.13316034E+00
159   0.13152345E+00
160   0.12975448E+00
161   0.12784570E+00
162   0.12578921E+00
163   0.12357698E+00
164   0.12120090E+00
165   0.11865278E+00
166   0.11592449E+00
167   0.11300792E+00
168   0.10989514E+00
169   0.10657842E+00
170   0.10305031E+00
171   0.99303804E-01
172   0.95332369E-01
173   0.91130123E-01
174   0.86691931E-01
175   0.82013585E-01
176   0.77091947E-01
177   0.71925119E-01
178   0.66512652E-01
179   0.60855750E-01
180   0.54957483E-01
181   0.48823029E-01
182   0.42459942E-01
183   0.35878416E-01
184   0.29091567E-01
185   0.22115743E-01
186   0.14970833E-01
187   0.76805986E-02
188   0.27300371E-03
189  -0.72194445E-02
190  -0.14759348E-01
191  -0.22304080E-01
192  -0.29805452E-01
193  -0.37209380E-01
194  -0.44455603E-01
195  -0.51477384E-01
196  -0.58201287E-01
197  -0.64546973E-01
198  -0.70427082E-01
199  -0.75747147E-01
200  -0.80405630E-01
