  0   0.00000000E+00
  1   0.29540490E-08
  2   0.88621466E-08
  3   0.26586415E-07
  4   0.79759197E-07
  5   0.23927751E-06
  6   0.71783245E-06
  7   0.20576108E-05
  8   0.54057409E-05
  9   0.12866692E-04
 10   0.27915725E-04
 11   0.55852932E-04
 12   0.10427352E-03
 13   0.18352724E-03
 14   0.30713802E-03
 15   0.49215462E-03
 16   0.75940427E-03
 17   0.11336228E-02
 18   0.16434399E-02
 19   0.23212014E-02
 20   0.32026188E-02
 21   0.43262392E-02
 22   0.57327421E-02
 23   0.74640685E-02
 24   0.95624076E-02
 25   0.12069058E-01
 26   0.15023200E-01
 27   0.18460618E-01
 28   0.22412404E-01
 29   0.26903696E-01
 30   0.31952485E-01
 31   0.37568547E-01
 32   0.43752521E-01
 33   0.50495189E-01
 34   0.57776973E-01
 35   0.65567680E-01
 36   0.73826499E-01
 37   0.82502306E-01
 38   0.91534160E-01
 39   0.10085215E+00
 40   0.11037838E+00
 41   0.12002827E+00
 42   0.12971193E+00
 43   0.13933575E+00
 44   0.14880407E+00
 45   0.15802085E+00
 46   0.16689147E+00
 47   0.17532434E+00
 48   0.18323253E+00
 49   0.19053531E+00
 50   0.19715938E+00
 51   0.20304014E+00
 52   0.20812254E+00
 53   0.21236187E+00
 54   0.21572426E+00
 55   0.21818691E+00
 56   0.21973820E+00
 57   0.22037746E+00
 58   0.22011462E+00
 59   0.21896964E+00
 60   0.21697184E+00
 61   0.21415901E+00
 62   0.21057647E+00
 63   0.20627603E+00
 64   0.20131493E+00
 65   0.19575472E+00
 66   0.18966016E+00
 67   0.18309812E+00
 68   0.17613657E+00
 69   0.16884358E+00
 70   0.16128644E+00
 71   0.15353082E+00
 72   0.14564005E+00
 73   0.13767451E+00
 74   0.12969112E+00
 75   0.12174289E+00
 76   0.11387860E+00
 77   0.10614260E+00
 78   0.98574616E-01
 79   0.91209762E-01
 80   0.84078498E-01
 81   0.77206723E-01
 82   0.70615932E-01
 83   0.64323358E-01
 84   0.58342230E-01
 85   0.52682001E-01
 86   0.47348633E-01
 87   0.42344879E-01
 88   0.37670583E-01
 89   0.33322979E-01
 90   0.29297000E-01
 91   0.25585555E-01
 92   0.22179820E-01
 93   0.19069508E-01
 94   0.16243121E-01
 95   0.13688191E-01
 96   0.11391495E-01
 97   0.93392627E-02
 98   0.75173532E-02
 99   0.59114229E-02
100   0.45070690E-02
101   0.32899585E-02
102   0.22459377E-02
103   0.13611282E-02
104   0.62200573E-03
105   0.15467464E-04
106  -0.47111508E-03
107  -0.84985362E-03
108  -0.11323115E-02
109  -0.13294809E-02
110  -0.14517676E-02
111  -0.15089841E-02
112  -0.15103471E-02
113  -0.14644811E-02
114  -0.13794261E-02
115  -0.12626484E-02
116  -0.11210544E-02
117  -0.96100662E-03
118  -0.78834069E-03
119  -0.60838385E-03
120  -0.42597397E-03
121  -0.24547830E-03
122  -0.70812661E-04
123   0.94540446E-04
124   0.24751428E-03
125   0.38544124E-03
126   0.50603756E-03
127   0.60738932E-03
128   0.68793981E-03
129   0.74647850E-03
130   0.78213192E-03
131   0.79435587E-03
132   0.78292983E-03
133   0.74795261E-03
134   0.68984053E-03
135   0.60932693E-03
136   0.50746370E-03
137   0.38562447E-03
138   0.24550993E-03
139   0.89154593E-04
140  -0.81064645E-04
141  -0.26241821E-03
142  -0.45181205E-03
143  -0.64577424E-03
144  -0.84044022E-03
145  -0.10315368E-02
146  -0.12143650E-02
147  -0.13837815E-02
148  -0.15341801E-02
149  -0.16594715E-02
150  -0.17530638E-02
151  -0.18078415E-02
152  -0.18161464E-02
153  -0.17697576E-02
154  -0.16598729E-02
155  -0.14770919E-02
156  -0.12114005E-02
157  -0.85215783E-03
158  -0.38808645E-03
159   0.19273398E-03
160   0.90286857E-03
161   0.17555237E-02
162   0.27645379E-02
163   0.39443644E-02
164   0.53100474E-02
165   0.68771876E-02
166   0.86618979E-02
167   0.10680746E-01
168   0.12950689E-01
169   0.15488983E-01
170   0.18313091E-01
171   0.21440558E-01
172   0.24888882E-01
173   0.28675353E-01
174   0.32816876E-01
175   0.37329767E-01
176   0.42229529E-01
177   0.47530595E-01
178   0.53246047E-01
179   0.59387319E-01
180   0.65963842E-01
181   0.72982691E-01
182   0.80448188E-01
183   0.88361472E-01
184   0.96720070E-01
185   0.10551740E+00
186   0.11474230E+00
187   0.12437850E+00
188   0.13440411E+00
189   0.14479107E+00
190   0.15550464E+00
191   0.16650291E+00
192   0.17773622E+00
193   0.18914679E+00
194   0.20066822E+00
195   0.21222518E+00
196   0.22373314E+00
197   0.23509815E+00
198   0.24621680E+00
199   0.25697631E+00
200   0.26725474E+00
