  0   0.00000000E+00
  1   0.58346521E-03
  2   0.17503956E-02
  3   0.40820413E-02
  4   0.75695412E-02
  5   0.12195198E-01
  6   0.17932571E-01
  7   0.24746675E-01
  8   0.32594256E-01
  9   0.41424178E-01
 10   0.51177874E-01
 11   0.61789911E-01
 12   0.73188588E-01
 13   0.85296646E-01
 14   0.98031983E-01
 15   0.11130848E+00
 16   0.12503681E+00
 17   0.13912529E+00
 18   0.15348077E+00
 19   0.16800950E+00
 20   0.18261799E+00
 21   0.19721387E+00
 22   0.21170668E+00
 23   0.22600868E+00
 24   0.24003558E+00
 25   0.25370717E+00
 26   0.26694795E+00
 27   0.27968773E+00
 28   0.29186198E+00
 29   0.30341226E+00
 30   0.31428656E+00
 31   0.32443950E+00
 32   0.33383244E+00
 33   0.34243357E+00
 34   0.35021791E+00
 35   0.35716715E+00
 36   0.36326963E+00
 37   0.36851996E+00
 38   0.37291884E+00
 39   0.37647277E+00
 40   0.37919357E+00
 41   0.38109806E+00
 42   0.38220766E+00
 43   0.38254783E+00
 44   0.38214767E+00
 45   0.38103950E+00
 46   0.37925830E+00
 47   0.37684128E+00
 48   0.37382740E+00
 49   0.37025699E+00
 50   0.36617130E+00
 51   0.36161205E+00
 52   0.35662112E+00
 53   0.35124019E+00
 54   0.34551045E+00
 55   0.33947232E+00
 56   0.33316511E+00
 57   0.32662693E+00
 58   0.31989443E+00
 59   0.31300271E+00
 60   0.30598506E+00
 61   0.29887304E+00
 62   0.29169625E+00
 63   0.28448239E+00
 64   0.27725723E+00
 65   0.27004454E+00
 66   0.26286611E+00
 67   0.25574189E+00
 68   0.24868990E+00
 69   0.24172637E+00
 70   0.23486574E+00
 71   0.22812082E+00
 72   0.22150280E+00
 73   0.21502136E+00
 74   0.20868477E+00
 75   0.20249997E+00
 76   0.19647264E+00
 77   0.19060734E+00
 78   0.18490756E+00
 79   0.17937581E+00
 80   0.17401376E+00
 81   0.16882226E+00
 82   0.16380143E+00
 83   0.15895076E+00
 84   0.15426917E+00
 85   0.14975509E+00
 86   0.14540650E+00
 87   0.14122099E+00
 88   0.13719584E+00
 89   0.13332808E+00
 90   0.12961447E+00
 91   0.12605160E+00
 92   0.12263595E+00
 93   0.11936384E+00
 94   0.11623155E+00
 95   0.11323530E+00
 96   0.11037128E+00
 97   0.10763569E+00
 98   0.10502475E+00
 99   0.10253471E+00
100   0.10016188E+00
101   0.97902633E-01
102   0.95753431E-01
103   0.93710810E-01
104   0.91771409E-01
105   0.89931972E-01
106   0.88189349E-01
107   0.86540513E-01
108   0.84982544E-01
109   0.83512641E-01
110   0.82128137E-01
111   0.80826484E-01
112   0.79605252E-01
113   0.78462146E-01
114   0.77394992E-01
115   0.76401740E-01
116   0.75480469E-01
117   0.74629366E-01
118   0.73846757E-01
119   0.73131084E-01
120   0.72480910E-01
121   0.71894906E-01
122   0.71371876E-01
123   0.70910729E-01
124   0.70510492E-01
125   0.70170306E-01
126   0.69889419E-01
127   0.69667190E-01
128   0.69503099E-01
129   0.69396727E-01
130   0.69347769E-01
131   0.69356017E-01
132   0.69421381E-01
133   0.69543868E-01
134   0.69723606E-01
135   0.69960818E-01
136   0.70255838E-01
137   0.70609108E-01
138   0.71021169E-01
139   0.71492687E-01
140   0.72024420E-01
141   0.72617248E-01
142   0.73272154E-01
143   0.73990233E-01
144   0.74772693E-01
145   0.75620860E-01
146   0.76536171E-01
147   0.77520184E-01
148   0.78574568E-01
149   0.79701111E-01
150   0.80901727E-01
151   0.82178451E-01
152   0.83533444E-01
153   0.84968984E-01
154   0.86487472E-01
155   0.88091448E-01
156   0.89783572E-01
157   0.91566630E-01
158   0.93443543E-01
159   0.95417351E-01
160   0.97491227E-01
161   0.99668466E-01
162   0.10195249E+00
163   0.10434683E+00
164   0.10685515E+00
165   0.10948124E+00
166   0.11222897E+00
167   0.11510233E+00
168   0.11810540E+00
169   0.12124236E+00
170   0.12451744E+00
171   0.12793496E+00
172   0.13149928E+00
173   0.13521478E+00
174   0.13908589E+00
175   0.14311701E+00
176   0.14731252E+00
177   0.15167676E+00
178   0.15621395E+00
179   0.16092823E+00
180   0.16582358E+00
181   0.17090376E+00
182   0.17617232E+00
183   0.18163252E+00
184   0.18728727E+00
185   0.19313908E+00
186   0.19918999E+00
187   0.20544153E+00
188   0.21189460E+00
189   0.21854939E+00
190   0.22540532E+00
191   0.23246095E+00
192   0.23971383E+00
193   0.24716046E+00
194   0.25479612E+00
195   0.26261473E+00
196   0.27060881E+00
197   0.27876928E+00
198   0.28708532E+00
199   0.29554427E+00
200   0.30413139E+00
