  0   0.10000000E+01
  1   0.99825013E+00
  2   0.99475038E+00
  3   0.98775852E+00
  4   0.97730517E+00
  5   0.96345162E+00
  6   0.94628918E+00
  7   0.92593867E+00
  8   0.90254897E+00
  9   0.87629569E+00
 10   0.84737921E+00
 11   0.81602246E+00
 12   0.78246826E+00
 13   0.74697673E+00
 14   0.70982224E+00
 15   0.67129028E+00
 16   0.63167405E+00
 17   0.59127134E+00
 18   0.55038100E+00
 19   0.50929970E+00
 20   0.46831870E+00
 21   0.42772073E+00
 22   0.38777706E+00
 23   0.34874487E+00
 24   0.31086478E+00
 25   0.27435869E+00
 26   0.23942795E+00
 27   0.20625193E+00
 28   0.17498676E+00
 29   0.14576459E+00
 30   0.11869311E+00
 31   0.93855441E-01
 32   0.71310379E-01
 33   0.51092871E-01
 34   0.33214871E-01
 35   0.17666392E-01
 36   0.44168234E-02
 37  -0.65835640E-02
 38  -0.15401951E-01
 39  -0.22121171E-01
 40  -0.26837816E-01
 41  -0.29660296E-01
 42  -0.30706856E-01
 43  -0.30103615E-01
 44  -0.27982634E-01
 45  -0.24480052E-01
 46  -0.19734310E-01
 47  -0.13884472E-01
 48  -0.70686834E-02
 49   0.57724211E-03
 50   0.89210849E-02
 51   0.17835334E-01
 52   0.27198138E-01
 53   0.36894105E-01
 54   0.46814956E-01
 55   0.56860004E-01
 56   0.66936530E-01
 57   0.76959990E-01
 58   0.86854123E-01
 59   0.96550941E-01
 60   0.10599062E+00
 61   0.11512129E+00
 62   0.12389877E+00
 63   0.13228624E+00
 64   0.14025383E+00
 65   0.14777821E+00
 66   0.15484215E+00
 67   0.16143399E+00
 68   0.16754721E+00
 69   0.17317988E+00
 70   0.17833424E+00
 71   0.18301617E+00
 72   0.18723476E+00
 73   0.19100186E+00
 74   0.19433166E+00
 75   0.19724028E+00
 76   0.19974543E+00
 77   0.20186606E+00
 78   0.20362204E+00
 79   0.20503391E+00
 80   0.20612261E+00
 81   0.20690924E+00
 82   0.20741490E+00
 83   0.20766048E+00
 84   0.20766656E+00
 85   0.20745325E+00
 86   0.20704007E+00
 87   0.20644590E+00
 88   0.20568892E+00
 89   0.20478654E+00
 90   0.20375535E+00
 91   0.20261110E+00
 92   0.20136873E+00
 93   0.20004232E+00
 94   0.19864509E+00
 95   0.19718942E+00
 96   0.19568691E+00
 97   0.19414835E+00
 98   0.19258375E+00
 99   0.19100241E+00
100   0.18941289E+00
101   0.18782310E+00
102   0.18624029E+00
103   0.18467112E+00
104   0.18312168E+00
105   0.18159752E+00
106   0.18010367E+00
107   0.17864473E+00
108   0.17722484E+00
109   0.17584774E+00
110   0.17451680E+00
111   0.17323503E+00
112   0.17200515E+00
113   0.17082958E+00
114   0.16971046E+00
115   0.16864970E+00
116   0.16764900E+00
117   0.16670984E+00
118   0.16583352E+00
119   0.16502118E+00
120   0.16427381E+00
121   0.16359226E+00
122   0.16297728E+00
123   0.16242950E+00
124   0.16194943E+00
125   0.16153751E+00
126   0.16119413E+00
127   0.16091956E+00
128   0.16071403E+00
129   0.16057770E+00
130   0.16051067E+00
131   0.16051301E+00
132   0.16058472E+00
133   0.16072576E+00
134   0.16093604E+00
135   0.16121542E+00
136   0.16156372E+00
137   0.16198070E+00
138   0.16246608E+00
139   0.16301949E+00
140   0.16364053E+00
141   0.16432872E+00
142   0.16508351E+00
143   0.16590425E+00
144   0.16679023E+00
145   0.16774061E+00
146   0.16875446E+00
147   0.16983069E+00
148   0.17096813E+00
149   0.17216541E+00
150   0.17342103E+00
151   0.17473327E+00
152   0.17610022E+00
153   0.17751980E+00
154   0.17898960E+00
155   0.18050703E+00
156   0.18206915E+00
157   0.18367276E+00
158   0.18531427E+00
159   0.18698975E+00
160   0.18869489E+00
161   0.19042492E+00
162   0.19217461E+00
163   0.19393827E+00
164   0.19570963E+00
165   0.19748187E+00
166   0.19924758E+00
167   0.20099868E+00
168   0.20272641E+00
169   0.20442128E+00
170   0.20607303E+00
171   0.20767058E+00
172   0.20920201E+00
173   0.21065448E+00
174   0.21201426E+00
175   0.21326658E+00
176   0.21439572E+00
177   0.21538489E+00
178   0.21621624E+00
179   0.21687081E+00
180   0.21732856E+00
181   0.21756829E+00
182   0.21756770E+00
183   0.21730337E+00
184   0.21675077E+00
185   0.21588436E+00
186   0.21467753E+00
187   0.21310276E+00
188   0.21113166E+00
189   0.20873511E+00
190   0.20588337E+00
191   0.20254624E+00
192   0.19869328E+00
193   0.19429401E+00
194   0.18931818E+00
195   0.18373610E+00
196   0.17751895E+00
197   0.17063916E+00
198   0.16307092E+00
199   0.15479060E+00
200   0.14577731E+00
