  0   0.00000000E+00
  1   0.15254974E-05
  2   0.45764923E-05
  3   0.13729477E-04
  4   0.41188432E-04
  5   0.11126317E-03
  6   0.25997683E-03
  7   0.53428375E-03
  8   0.99090976E-03
  9   0.16948387E-02
 10   0.27174805E-02
 11   0.41345665E-02
 12   0.60238275E-02
 13   0.84625185E-02
 14   0.11524859E-01
 15   0.15279461E-01
 16   0.19786824E-01
 17   0.25096968E-01
 18   0.31247279E-01
 19   0.38260624E-01
 20   0.46143819E-01
 21   0.54886460E-01
 22   0.64460203E-01
 23   0.74818477E-01
 24   0.85896663E-01
 25   0.97612746E-01
 26   0.10986841E+00
 27   0.12255056E+00
 28   0.13553320E+00
 29   0.14867969E+00
 30   0.16184522E+00
 31   0.17487958E+00
 32   0.18762992E+00
 33   0.19994377E+00
 34   0.21167181E+00
 35   0.22267079E+00
 36   0.23280613E+00
 37   0.24195439E+00
 38   0.25000536E+00
 39   0.25686407E+00
 40   0.26245213E+00
 41   0.26670888E+00
 42   0.26959223E+00
 43   0.27107888E+00
 44   0.27116433E+00
 45   0.26986241E+00
 46   0.26720455E+00
 47   0.26323873E+00
 48   0.25802806E+00
 49   0.25164929E+00
 50   0.24419104E+00
 51   0.23575185E+00
 52   0.22643833E+00
 53   0.21636310E+00
 54   0.20564282E+00
 55   0.19439624E+00
 56   0.18274239E+00
 57   0.17079879E+00
 58   0.15867998E+00
 59   0.14649598E+00
 60   0.13435116E+00
 61   0.12234312E+00
 62   0.11056190E+00
 63   0.99089287E-01
 64   0.87998390E-01
 65   0.77353321E-01
 66   0.67209095E-01
 67   0.57611659E-01
 68   0.48598081E-01
 69   0.40196836E-01
 70   0.32428198E-01
 71   0.25304731E-01
 72   0.18831838E-01
 73   0.13008356E-01
 74   0.78271860E-02
 75   0.32759439E-02
 76  -0.66238316E-03
 77  -0.40087886E-02
 78  -0.67876149E-02
 79  -0.90259435E-02
 80  -0.10753022E-01
 81  -0.11999723E-01
 82  -0.12798049E-01
 83  -0.13180677E-01
 84  -0.13180552E-01
 85  -0.12830523E-01
 86  -0.12163024E-01
 87  -0.11209805E-01
 88  -0.10001697E-01
 89  -0.85684182E-02
 90  -0.69384277E-02
 91  -0.51388000E-02
 92  -0.31951391E-02
 93  -0.11315185E-02
 94   0.10295529E-02
 95   0.32671439E-02
 96   0.55618929E-02
 97   0.78959847E-02
 98   0.10253114E-01
 99   0.12618435E-01
100   0.14978504E-01
101   0.17321216E-01
102   0.19635731E-01
103   0.21912402E-01
104   0.24142697E-01
105   0.26319126E-01
106   0.28435152E-01
107   0.30485129E-01
108   0.32464214E-01
109   0.34368303E-01
110   0.36193952E-01
111   0.37938319E-01
112   0.39599091E-01
113   0.41174430E-01
114   0.42662911E-01
115   0.44063471E-01
116   0.45375362E-01
117   0.46598095E-01
118   0.47731414E-01
119   0.48775245E-01
120   0.49729656E-01
121   0.50594840E-01
122   0.51371071E-01
123   0.52058689E-01
124   0.52658074E-01
125   0.53169616E-01
126   0.53593710E-01
127   0.53930733E-01
128   0.54181032E-01
129   0.54344911E-01
130   0.54422632E-01
131   0.54414392E-01
132   0.54320332E-01
133   0.54140527E-01
134   0.53874984E-01
135   0.53523652E-01
136   0.53086407E-01
137   0.52563079E-01
138   0.51953439E-01
139   0.51257215E-01
140   0.50474104E-01
141   0.49603779E-01
142   0.48645902E-01
143   0.47600150E-01
144   0.46466224E-01
145   0.45243867E-01
146   0.43932896E-01
147   0.42533223E-01
148   0.41044880E-01
149   0.39468054E-01
150   0.37803121E-01
151   0.36050674E-01
152   0.34211576E-01
153   0.32286998E-01
154   0.30278457E-01
155   0.28187882E-01
156   0.26017653E-01
157   0.23770666E-01
158   0.21450397E-01
159   0.19060962E-01
160   0.16607188E-01
161   0.14094687E-01
162   0.11529933E-01
163   0.89203408E-02
164   0.62743523E-02
165   0.36015217E-02
166   0.91260602E-03
167  -0.17803428E-02
168  -0.44638850E-02
169  -0.71230973E-02
170  -0.97414814E-02
171  -0.12300867E-01
172  -0.14781324E-01
173  -0.17161077E-01
174  -0.19416420E-01
175  -0.21521647E-01
176  -0.23448985E-01
177  -0.25168546E-01
178  -0.26648285E-01
179  -0.27853990E-01
180  -0.28749278E-01
181  -0.29295623E-01
182  -0.29452421E-01
183  -0.29177068E-01
184  -0.28425101E-01
185  -0.27150365E-01
186  -0.25305230E-01
187  -0.22840872E-01
188  -0.19707600E-01
189  -0.15855253E-01
190  -0.11233672E-01
191  -0.57932460E-02
192   0.51447237E-03
193   0.77360463E-02
194   0.15915360E-01
195   0.25092725E-01
196   0.35303887E-01
197   0.46578940E-01
198   0.58941148E-01
199   0.72405666E-01
200   0.86978182E-01
