 0.00000000E+00   0.00000000E+00
 0.10000000E+00   0.00000000E+00
 0.20000000E+00   0.11691456E-02
 0.30000001E+00   0.35074367E-02
 0.40000001E+00   0.70059886E-02
 0.50000000E+00   0.11647032E-01
 0.60000002E+00   0.17404007E-01
 0.69999999E+00   0.24241760E-01
 0.80000001E+00   0.32116830E-01
 0.90000004E+00   0.40977824E-01
 0.10000000E+01   0.50765887E-01
 0.11000000E+01   0.61415251E-01
 0.12000000E+01   0.72853863E-01
 0.13000001E+01   0.85004069E-01
 0.14000000E+01   0.97783372E-01
 0.15000000E+01   0.11110523E+00
 0.16000000E+01   0.12487987E+00
 0.17000000E+01   0.13901518E+00
 0.18000001E+01   0.15341759E+00
 0.19000000E+01   0.16799289E+00
 0.20000000E+01   0.18264718E+00
 0.21000001E+01   0.19728769E+00
 0.22000000E+01   0.21182360E+00
 0.23000000E+01   0.22616680E+00
 0.24000001E+01   0.24023268E+00
 0.25000000E+01   0.25394076E+00
 0.26000001E+01   0.26721528E+00
 0.27000000E+01   0.27998585E+00
 0.28000000E+01   0.29218772E+00
 0.29000001E+01   0.30376238E+00
 0.30000000E+01   0.31465772E+00
 0.31000001E+01   0.32482827E+00
 0.32000000E+01   0.33423540E+00
 0.33000000E+01   0.34284735E+00
 0.34000001E+01   0.35063916E+00
 0.35000000E+01   0.35759267E+00
 0.36000001E+01   0.36369628E+00
 0.37000000E+01   0.36894476E+00
 0.38000000E+01   0.37333903E+00
 0.39000001E+01   0.37688571E+00
 0.40000000E+01   0.37959689E+00
 0.40999999E+01   0.38148960E+00
 0.42000003E+01   0.38258550E+00
 0.43000002E+01   0.38291025E+00
 0.44000001E+01   0.38249323E+00
 0.45000000E+01   0.38136697E+00
 0.45999999E+01   0.37956667E+00
 0.47000003E+01   0.37712976E+00
 0.48000002E+01   0.37409547E+00
 0.49000001E+01   0.37050429E+00
 0.50000000E+01   0.36639765E+00
 0.50999999E+01   0.36181745E+00
 0.52000003E+01   0.35680577E+00
 0.53000002E+01   0.35140443E+00
 0.54000001E+01   0.34565473E+00
 0.55000000E+01   0.33959720E+00
 0.55999999E+01   0.33327127E+00
 0.57000003E+01   0.32671514E+00
 0.58000002E+01   0.31996554E+00
 0.59000001E+01   0.31305757E+00
 0.60000000E+01   0.30602464E+00
 0.60999999E+01   0.29889828E+00
 0.62000003E+01   0.29170811E+00
 0.63000002E+01   0.28448188E+00
 0.64000001E+01   0.27724531E+00
 0.65000000E+01   0.27002218E+00
 0.65999999E+01   0.26283428E+00
 0.67000003E+01   0.25570151E+00
 0.68000002E+01   0.24864186E+00
 0.69000001E+01   0.24167152E+00
 0.70000000E+01   0.23480490E+00
 0.70999999E+01   0.22805476E+00
 0.72000003E+01   0.22143227E+00
 0.73000002E+01   0.21494704E+00
 0.74000001E+01   0.20860732E+00
 0.75000000E+01   0.20241995E+00
 0.75999999E+01   0.19639061E+00
 0.77000003E+01   0.19052382E+00
 0.78000002E+01   0.18482299E+00
 0.79000001E+01   0.17929064E+00
 0.80000000E+01   0.17392835E+00
 0.81000004E+01   0.16873695E+00
 0.81999998E+01   0.16371652E+00
 0.83000002E+01   0.15886652E+00
 0.84000006E+01   0.15418585E+00
 0.85000000E+01   0.14967288E+00
 0.86000004E+01   0.14532557E+00
 0.86999998E+01   0.14114150E+00
 0.88000002E+01   0.13711792E+00
 0.89000006E+01   0.13325182E+00
 0.90000000E+01   0.12953995E+00
 0.91000004E+01   0.12597890E+00
 0.91999998E+01   0.12256510E+00
 0.93000002E+01   0.11929488E+00
 0.94000006E+01   0.11616450E+00
 0.95000000E+01   0.11317015E+00
 0.96000004E+01   0.11030804E+00
 0.96999998E+01   0.10757434E+00
 0.98000002E+01   0.10496526E+00
 0.99000006E+01   0.10247706E+00
 0.10000000E+02   0.10010603E+00
 0.10100000E+02   0.97848542E-01
 0.10200000E+02   0.95701046E-01
 0.10300000E+02   0.93660086E-01
 0.10400001E+02   0.91722295E-01
 0.10500000E+02   0.89884408E-01
 0.10600000E+02   0.88143282E-01
 0.10700000E+02   0.86495876E-01
 0.10800000E+02   0.84939279E-01
 0.10900001E+02   0.83470687E-01
 0.11000000E+02   0.82087427E-01
 0.11100000E+02   0.80786958E-01
 0.11200000E+02   0.79566851E-01
 0.11300000E+02   0.78424804E-01
 0.11400001E+02   0.77358648E-01
 0.11500000E+02   0.76366328E-01
 0.11600000E+02   0.75445920E-01
 0.11700000E+02   0.74595630E-01
 0.11800000E+02   0.73813774E-01
 0.11900001E+02   0.73098786E-01
 0.12000000E+02   0.72449237E-01
 0.12100000E+02   0.71863808E-01
 0.12200000E+02   0.71341291E-01
 0.12300000E+02   0.70880599E-01
 0.12400001E+02   0.70480756E-01
 0.12500000E+02   0.70140906E-01
 0.12600000E+02   0.69860302E-01
 0.12700000E+02   0.69638312E-01
 0.12800000E+02   0.69474399E-01
 0.12900001E+02   0.69368154E-01
 0.13000000E+02   0.69319263E-01
 0.13100000E+02   0.69327526E-01
 0.13200000E+02   0.69392852E-01
 0.13300000E+02   0.69515251E-01
 0.13400001E+02   0.69694839E-01
 0.13500000E+02   0.69931850E-01
 0.13600000E+02   0.70226617E-01
 0.13700000E+02   0.70579581E-01
 0.13800000E+02   0.70991285E-01
 0.13900001E+02   0.71462385E-01
 0.14000000E+02   0.71993649E-01
 0.14100000E+02   0.72585955E-01
 0.14200000E+02   0.73240280E-01
 0.14300000E+02   0.73957726E-01
 0.14400001E+02   0.74739493E-01
 0.14500000E+02   0.75586915E-01
 0.14600000E+02   0.76501422E-01
 0.14700000E+02   0.77484563E-01
 0.14800000E+02   0.78538015E-01
 0.14900001E+02   0.79663575E-01
 0.15000000E+02   0.80863148E-01
 0.15100000E+02   0.82138762E-01
 0.15200000E+02   0.83492585E-01
 0.15300000E+02   0.84926888E-01
 0.15400001E+02   0.86444080E-01
 0.15500000E+02   0.88046692E-01
 0.15600000E+02   0.89737393E-01
 0.15700000E+02   0.91518961E-01
 0.15800000E+02   0.93394317E-01
 0.15900001E+02   0.95366508E-01
 0.16000000E+02   0.97438700E-01
 0.16100000E+02   0.99614196E-01
 0.16200001E+02   0.10189641E+00
 0.16300001E+02   0.10428890E+00
 0.16400000E+02   0.10679531E+00
 0.16500000E+02   0.10941943E+00
 0.16600000E+02   0.11216514E+00
 0.16700001E+02   0.11503644E+00
 0.16800001E+02   0.11803740E+00
 0.16900000E+02   0.12117222E+00
 0.17000000E+02   0.12444513E+00
 0.17100000E+02   0.12786046E+00
 0.17200001E+02   0.13142256E+00
 0.17300001E+02   0.13513586E+00
 0.17400000E+02   0.13900477E+00
 0.17500000E+02   0.14303371E+00
 0.17600000E+02   0.14722708E+00
 0.17700001E+02   0.15158921E+00
 0.17800001E+02   0.15612438E+00
 0.17900000E+02   0.16083673E+00
 0.18000000E+02   0.16573024E+00
 0.18100000E+02   0.17080872E+00
 0.18200001E+02   0.17607573E+00
 0.18300001E+02   0.18153456E+00
 0.18400000E+02   0.18718816E+00
 0.18500000E+02   0.19303907E+00
 0.18600000E+02   0.19908938E+00
 0.18700001E+02   0.20534064E+00
 0.18800001E+02   0.21179378E+00
 0.18900000E+02   0.21844907E+00
 0.19000000E+02   0.22530597E+00
 0.19100000E+02   0.23236309E+00
 0.19200001E+02   0.23961803E+00
 0.19300001E+02   0.24706735E+00
 0.19400000E+02   0.25470638E+00
 0.19500000E+02   0.26252913E+00
 0.19600000E+02   0.27052820E+00
 0.19700001E+02   0.27869454E+00
 0.19800001E+02   0.28701741E+00
 0.19900000E+02   0.29548422E+00
 0.20000000E+02   0.30408034E+00
