 0.00000000E+00   0.10000000E+01
 0.10000000E+00   0.10000000E+01
 0.20000000E+00   0.99883085E+00
 0.30000001E+00   0.99649256E+00
 0.40000001E+00   0.99298990E+00
 0.50000000E+00   0.98833245E+00
 0.60000002E+00   0.98253453E+00
 0.69999999E+00   0.97561514E+00
 0.80000001E+00   0.96759778E+00
 0.90000004E+00   0.95851052E+00
 0.10000000E+01   0.94838554E+00
 0.11000000E+01   0.93725908E+00
 0.12000000E+01   0.92517120E+00
 0.13000001E+01   0.91216552E+00
 0.14000000E+01   0.89828885E+00
 0.15000000E+01   0.88359088E+00
 0.16000000E+01   0.86812401E+00
 0.17000000E+01   0.85194278E+00
 0.18000001E+01   0.83510357E+00
 0.19000000E+01   0.81766444E+00
 0.20000000E+01   0.79968441E+00
 0.21000001E+01   0.78122336E+00
 0.22000000E+01   0.76234150E+00
 0.23000000E+01   0.74309915E+00
 0.24000001E+01   0.72355628E+00
 0.25000000E+01   0.70377213E+00
 0.26000001E+01   0.68380505E+00
 0.27000000E+01   0.66371202E+00
 0.28000000E+01   0.64354843E+00
 0.29000001E+01   0.62336785E+00
 0.30000000E+01   0.60322183E+00
 0.31000001E+01   0.58315957E+00
 0.32000000E+01   0.56322777E+00
 0.33000000E+01   0.54347056E+00
 0.34000001E+01   0.52392924E+00
 0.35000000E+01   0.50464231E+00
 0.36000001E+01   0.48564526E+00
 0.37000000E+01   0.46697068E+00
 0.38000000E+01   0.44864810E+00
 0.39000001E+01   0.43070403E+00
 0.40000000E+01   0.41316202E+00
 0.40999999E+01   0.39604270E+00
 0.42000003E+01   0.37936378E+00
 0.43000002E+01   0.36314020E+00
 0.44000001E+01   0.34738421E+00
 0.45000000E+01   0.33210549E+00
 0.45999999E+01   0.31731123E+00
 0.47000003E+01   0.30300629E+00
 0.48000002E+01   0.28919336E+00
 0.49000001E+01   0.27587306E+00
 0.50000000E+01   0.26304412E+00
 0.50999999E+01   0.25070351E+00
 0.52000003E+01   0.23884663E+00
 0.53000002E+01   0.22746740E+00
 0.54000001E+01   0.21655847E+00
 0.55000000E+01   0.20611131E+00
 0.55999999E+01   0.19611640E+00
 0.57000003E+01   0.18656331E+00
 0.58000002E+01   0.17744090E+00
 0.59000001E+01   0.16873734E+00
 0.60000000E+01   0.16044034E+00
 0.60999999E+01   0.15253720E+00
 0.62000003E+01   0.14501490E+00
 0.63000002E+01   0.13786019E+00
 0.64000001E+01   0.13105975E+00
 0.65000000E+01   0.12460016E+00
 0.65999999E+01   0.11846805E+00
 0.67000003E+01   0.11265013E+00
 0.68000002E+01   0.10713322E+00
 0.69000001E+01   0.10190438E+00
 0.70000000E+01   0.96950881E-01
 0.70999999E+01   0.92260256E-01
 0.72000003E+01   0.87820351E-01
 0.73000002E+01   0.83619341E-01
 0.74000001E+01   0.79645738E-01
 0.75000000E+01   0.75888433E-01
 0.75999999E+01   0.72336681E-01
 0.77000003E+01   0.68980142E-01
 0.78000002E+01   0.65808855E-01
 0.79000001E+01   0.62813260E-01
 0.80000000E+01   0.59984192E-01
 0.81000004E+01   0.57312883E-01
 0.81999998E+01   0.54790951E-01
 0.83000002E+01   0.52410398E-01
 0.84000006E+01   0.50163608E-01
 0.85000000E+01   0.48043326E-01
 0.86000004E+01   0.46042662E-01
 0.86999998E+01   0.44155069E-01
 0.88000002E+01   0.42374339E-01
 0.89000006E+01   0.40694594E-01
 0.90000000E+01   0.39110266E-01
 0.91000004E+01   0.37616085E-01
 0.91999998E+01   0.36207076E-01
 0.93000002E+01   0.34878545E-01
 0.94000006E+01   0.33626053E-01
 0.95000000E+01   0.32445423E-01
 0.96000004E+01   0.31332720E-01
 0.96999998E+01   0.30284233E-01
 0.98000002E+01   0.29296478E-01
 0.99000006E+01   0.28366175E-01
 0.10000000E+02   0.27490241E-01
 0.10100000E+02   0.26665786E-01
 0.10200000E+02   0.25890095E-01
 0.10300000E+02   0.25160622E-01
 0.10400001E+02   0.24474980E-01
 0.10500000E+02   0.23830937E-01
 0.10600000E+02   0.23226401E-01
 0.10700000E+02   0.22659419E-01
 0.10800000E+02   0.22128165E-01
 0.10900001E+02   0.21630935E-01
 0.11000000E+02   0.21166142E-01
 0.11100000E+02   0.20732306E-01
 0.11200000E+02   0.20328052E-01
 0.11300000E+02   0.19952105E-01
 0.11400001E+02   0.19603278E-01
 0.11500000E+02   0.19280478E-01
 0.11600000E+02   0.18982694E-01
 0.11700000E+02   0.18708993E-01
 0.11800000E+02   0.18458521E-01
 0.11900001E+02   0.18230498E-01
 0.12000000E+02   0.18024210E-01
 0.12100000E+02   0.17839011E-01
 0.12200000E+02   0.17674321E-01
 0.12300000E+02   0.17529620E-01
 0.12400001E+02   0.17404446E-01
 0.12500000E+02   0.17298399E-01
 0.12600000E+02   0.17211130E-01
 0.12700000E+02   0.17142346E-01
 0.12800000E+02   0.17091807E-01
 0.12900001E+02   0.17059324E-01
 0.13000000E+02   0.17044760E-01
 0.13100000E+02   0.17048026E-01
 0.13200000E+02   0.17069085E-01
 0.13300000E+02   0.17107947E-01
 0.13400001E+02   0.17164674E-01
 0.13500000E+02   0.17239375E-01
 0.13600000E+02   0.17332207E-01
 0.13700000E+02   0.17443381E-01
 0.13800000E+02   0.17573155E-01
 0.13900001E+02   0.17721839E-01
 0.14000000E+02   0.17889796E-01
 0.14100000E+02   0.18077441E-01
 0.14200000E+02   0.18285245E-01
 0.14300000E+02   0.18513734E-01
 0.14400001E+02   0.18763492E-01
 0.14500000E+02   0.19035164E-01
 0.14600000E+02   0.19329458E-01
 0.14700000E+02   0.19647146E-01
 0.14800000E+02   0.19989064E-01
 0.14900001E+02   0.20356122E-01
 0.15000000E+02   0.20749303E-01
 0.15100000E+02   0.21169664E-01
 0.15200000E+02   0.21618348E-01
 0.15300000E+02   0.22096574E-01
 0.15400001E+02   0.22605658E-01
 0.15500000E+02   0.23147004E-01
 0.15600000E+02   0.23722114E-01
 0.15700000E+02   0.24332596E-01
 0.15800000E+02   0.24980163E-01
 0.15900001E+02   0.25666647E-01
 0.16000000E+02   0.26393995E-01
 0.16100000E+02   0.27164282E-01
 0.16200001E+02   0.27979722E-01
 0.16300001E+02   0.28842665E-01
 0.16400000E+02   0.29755613E-01
 0.16500000E+02   0.30721223E-01
 0.16600000E+02   0.31742319E-01
 0.16700001E+02   0.32821905E-01
 0.16800001E+02   0.33963159E-01
 0.16900000E+02   0.35169464E-01
 0.17000000E+02   0.36444400E-01
 0.17100000E+02   0.37791763E-01
 0.17200001E+02   0.39215580E-01
 0.17300001E+02   0.40720120E-01
 0.17400000E+02   0.42309895E-01
 0.17500000E+02   0.43989684E-01
 0.17600000E+02   0.45764543E-01
 0.17700001E+02   0.47639821E-01
 0.17800001E+02   0.49621165E-01
 0.17900000E+02   0.51714547E-01
 0.18000000E+02   0.53926274E-01
 0.18100000E+02   0.56262996E-01
 0.18200001E+02   0.58731727E-01
 0.18300001E+02   0.61339859E-01
 0.18400000E+02   0.64095184E-01
 0.18500000E+02   0.67005888E-01
 0.18600000E+02   0.70080601E-01
 0.18700001E+02   0.73328376E-01
 0.18800001E+02   0.76758720E-01
 0.18900000E+02   0.80381617E-01
 0.19000000E+02   0.84207520E-01
 0.19100000E+02   0.88247374E-01
 0.19200001E+02   0.92512622E-01
 0.19300001E+02   0.97015224E-01
 0.19400000E+02   0.10176766E+00
 0.19500000E+02   0.10678291E+00
 0.19600000E+02   0.11207451E+00
 0.19700001E+02   0.11765648E+00
 0.19800001E+02   0.12354340E+00
 0.19900000E+02   0.12975034E+00
 0.20000000E+02   0.13629287E+00
