  0   0.00000000E+00
  1   0.15058091E-11
  2   0.45174272E-11
  3   0.13553790E-10
  4   0.40664389E-10
  5   0.12199761E-09
  6   0.36599856E-09
  7   0.10980024E-08
  8   0.32940144E-08
  9   0.96858663E-08
 10   0.27095764E-07
 11   0.70707117E-07
 12   0.17108783E-06
 13   0.38484097E-06
 14   0.80975622E-06
 15   0.16052707E-05
 16   0.30189094E-05
 17   0.54191778E-05
 18   0.93351118E-05
 19   0.15502372E-04
 20   0.24915407E-04
 21   0.38884835E-04
 22   0.59098784E-04
 23   0.87686552E-04
 24   0.12728262E-03
 25   0.18108866E-03
 26   0.25293118E-03
 27   0.34731184E-03
 28   0.46944816E-03
 29   0.62530139E-03
 30   0.82158984E-03
 31   0.10657846E-02
 32   0.13660863E-02
 33   0.17313822E-02
 34   0.21711814E-02
 35   0.26955290E-02
 36   0.33149004E-02
 37   0.40400755E-02
 38   0.48819948E-02
 39   0.58516017E-02
 40   0.69596721E-02
 41   0.82166353E-02
 42   0.96323909E-02
 43   0.11216125E-01
 44   0.12976132E-01
 45   0.14919639E-01
 46   0.17052649E-01
 47   0.19379798E-01
 48   0.21904230E-01
 49   0.24627497E-01
 50   0.27549481E-01
 51   0.30668346E-01
 52   0.33980515E-01
 53   0.37480682E-01
 54   0.41161835E-01
 55   0.45015331E-01
 56   0.49030975E-01
 57   0.53197127E-01
 58   0.57500843E-01
 59   0.61928019E-01
 60   0.66463545E-01
 61   0.71091503E-01
 62   0.75795323E-01
 63   0.80557972E-01
 64   0.85362166E-01
 65   0.90190515E-01
 66   0.95025741E-01
 67   0.99850811E-01
 68   0.10464912E+00
 69   0.10940463E+00
 70   0.11410201E+00
 71   0.11872672E+00
 72   0.12326515E+00
 73   0.12770471E+00
 74   0.13203384E+00
 75   0.13624212E+00
 76   0.14032026E+00
 77   0.14426014E+00
 78   0.14805482E+00
 79   0.15169851E+00
 80   0.15518659E+00
 81   0.15851551E+00
 82   0.16168281E+00
 83   0.16468704E+00
 84   0.16752771E+00
 85   0.17020524E+00
 86   0.17272086E+00
 87   0.17507663E+00
 88   0.17727526E+00
 89   0.17932008E+00
 90   0.18121502E+00
 91   0.18296447E+00
 92   0.18457328E+00
 93   0.18604662E+00
 94   0.18738997E+00
 95   0.18860908E+00
 96   0.18970984E+00
 97   0.19069833E+00
 98   0.19158065E+00
 99   0.19236302E+00
100   0.19305161E+00
101   0.19365256E+00
102   0.19417195E+00
103   0.19461580E+00
104   0.19498996E+00
105   0.19530019E+00
106   0.19555205E+00
107   0.19575095E+00
108   0.19590209E+00
109   0.19601050E+00
110   0.19608098E+00
111   0.19611812E+00
112   0.19612628E+00
113   0.19610961E+00
114   0.19607203E+00
115   0.19601722E+00
116   0.19594866E+00
117   0.19586958E+00
118   0.19578300E+00
119   0.19569170E+00
120   0.19559826E+00
121   0.19550502E+00
122   0.19541414E+00
123   0.19532754E+00
124   0.19524693E+00
125   0.19517384E+00
126   0.19510958E+00
127   0.19505526E+00
128   0.19501181E+00
129   0.19497995E+00
130   0.19496022E+00
131   0.19495296E+00
132   0.19495834E+00
133   0.19497633E+00
134   0.19500670E+00
135   0.19504906E+00
136   0.19510283E+00
137   0.19516720E+00
138   0.19524123E+00
139   0.19532377E+00
140   0.19541346E+00
141   0.19550876E+00
142   0.19560795E+00
143   0.19570908E+00
144   0.19581002E+00
145   0.19590844E+00
146   0.19600178E+00
147   0.19608729E+00
148   0.19616197E+00
149   0.19622265E+00
150   0.19626591E+00
151   0.19628811E+00
152   0.19628538E+00
153   0.19625363E+00
154   0.19618854E+00
155   0.19608554E+00
156   0.19593984E+00
157   0.19574642E+00
158   0.19550003E+00
159   0.19519518E+00
160   0.19482619E+00
161   0.19438711E+00
162   0.19387184E+00
163   0.19327405E+00
164   0.19258724E+00
165   0.19180474E+00
166   0.19091971E+00
167   0.18992521E+00
168   0.18881416E+00
169   0.18757944E+00
170   0.18621385E+00
171   0.18471020E+00
172   0.18306133E+00
173   0.18126015E+00
174   0.17929971E+00
175   0.17717323E+00
176   0.17487416E+00
177   0.17239629E+00
178   0.16973375E+00
179   0.16688116E+00
180   0.16383366E+00
181   0.16058703E+00
182   0.15713772E+00
183   0.15348306E+00
184   0.14962125E+00
185   0.14555150E+00
186   0.14127420E+00
187   0.13679092E+00
188   0.13210461E+00
189   0.12721966E+00
190   0.12214206E+00
191   0.11687944E+00
192   0.11144121E+00
193   0.10583865E+00
194   0.10008498E+00
195   0.94195448E-01
196   0.88187374E-01
197   0.82080178E-01
198   0.75895421E-01
199   0.69656767E-01
200   0.63389972E-01
