 0.00000000E+00   0.00000000E+00
 0.10000000E+00   0.00000000E+00
 0.20000000E+00   0.00000000E+00
 0.30000001E+00   0.00000000E+00
 0.40000001E+00   0.00000000E+00
 0.50000000E+00   0.00000000E+00
 0.60000002E+00   0.23971605E-07
 0.69999999E+00   0.16780123E-06
 0.80000001E+00   0.67022404E-06
 0.90000004E+00   0.20047867E-05
 0.10000000E+01   0.49899318E-05
 0.11000000E+01   0.10913422E-04
 0.12000000E+01   0.21666558E-04
 0.13000001E+01   0.39882998E-04
 0.14000000E+01   0.69076552E-04
 0.15000000E+01   0.11377198E-03
 0.16000000E+01   0.17962285E-03
 0.17000000E+01   0.27351052E-03
 0.18000001E+01   0.40361873E-03
 0.19000000E+01   0.57947886E-03
 0.20000000E+01   0.81198162E-03
 0.21000001E+01   0.11133518E-02
 0.22000000E+01   0.14970838E-02
 0.23000000E+01   0.19778372E-02
 0.24000001E+01   0.25712915E-02
 0.25000000E+01   0.32939629E-02
 0.26000001E+01   0.41629844E-02
 0.27000000E+01   0.51958547E-02
 0.28000000E+01   0.64101568E-02
 0.29000001E+01   0.78232596E-02
 0.30000000E+01   0.94520012E-02
 0.31000001E+01   0.11312365E-01
 0.32000000E+01   0.13419155E-01
 0.33000000E+01   0.15785685E-01
 0.34000001E+01   0.18423470E-01
 0.35000000E+01   0.21341955E-01
 0.36000001E+01   0.24548264E-01
 0.37000000E+01   0.28046988E-01
 0.38000000E+01   0.31840008E-01
 0.39000001E+01   0.35926372E-01
 0.40000000E+01   0.40302210E-01
 0.40999999E+01   0.44960711E-01
 0.42000003E+01   0.49892135E-01
 0.43000002E+01   0.55083878E-01
 0.44000001E+01   0.60520608E-01
 0.45000000E+01   0.66184402E-01
 0.45999999E+01   0.72054960E-01
 0.47000003E+01   0.78109846E-01
 0.48000002E+01   0.84324747E-01
 0.49000001E+01   0.90673774E-01
 0.50000000E+01   0.97129785E-01
 0.50999999E+01   0.10366468E+00
 0.52000003E+01   0.11024977E+00
 0.53000002E+01   0.11685608E+00
 0.54000001E+01   0.12345469E+00
 0.55000000E+01   0.13001703E+00
 0.55999999E+01   0.13651520E+00
 0.57000003E+01   0.14292222E+00
 0.58000002E+01   0.14921233E+00
 0.59000001E+01   0.15536115E+00
 0.60000000E+01   0.16134593E+00
 0.60999999E+01   0.16714568E+00
 0.62000003E+01   0.17274132E+00
 0.63000002E+01   0.17811579E+00
 0.64000001E+01   0.18325406E+00
 0.65000000E+01   0.18814330E+00
 0.65999999E+01   0.19277275E+00
 0.67000003E+01   0.19713378E+00
 0.68000002E+01   0.20121984E+00
 0.69000001E+01   0.20502642E+00
 0.70000000E+01   0.20855092E+00
 0.70999999E+01   0.21179260E+00
 0.72000003E+01   0.21475247E+00
 0.73000002E+01   0.21743311E+00
 0.74000001E+01   0.21983863E+00
 0.75000000E+01   0.22197449E+00
 0.75999999E+01   0.22384737E+00
 0.77000003E+01   0.22546501E+00
 0.78000002E+01   0.22683613E+00
 0.79000001E+01   0.22797021E+00
 0.80000000E+01   0.22887747E+00
 0.81000004E+01   0.22956863E+00
 0.81999998E+01   0.23005487E+00
 0.83000002E+01   0.23034771E+00
 0.84000006E+01   0.23045886E+00
 0.85000000E+01   0.23040015E+00
 0.86000004E+01   0.23018347E+00
 0.86999998E+01   0.22982065E+00
 0.88000002E+01   0.22932342E+00
 0.89000006E+01   0.22870331E+00
 0.90000000E+01   0.22797161E+00
 0.91000004E+01   0.22713937E+00
 0.91999998E+01   0.22621728E+00
 0.93000002E+01   0.22521570E+00
 0.94000006E+01   0.22414459E+00
 0.95000000E+01   0.22301352E+00
 0.96000004E+01   0.22183165E+00
 0.96999998E+01   0.22060770E+00
 0.98000002E+01   0.21934997E+00
 0.99000006E+01   0.21806630E+00
 0.10000000E+02   0.21676415E+00
 0.10100000E+02   0.21545051E+00
 0.10200000E+02   0.21413197E+00
 0.10300000E+02   0.21281467E+00
 0.10400001E+02   0.21150441E+00
 0.10500000E+02   0.21020658E+00
 0.10600000E+02   0.20892617E+00
 0.10700000E+02   0.20766784E+00
 0.10800000E+02   0.20643590E+00
 0.10900001E+02   0.20523433E+00
 0.11000000E+02   0.20406681E+00
 0.11100000E+02   0.20293671E+00
 0.11200000E+02   0.20184714E+00
 0.11300000E+02   0.20080091E+00
 0.11400001E+02   0.19980064E+00
 0.11500000E+02   0.19884866E+00
 0.11600000E+02   0.19794714E+00
 0.11700000E+02   0.19709800E+00
 0.11800000E+02   0.19630298E+00
 0.11900001E+02   0.19556366E+00
 0.12000000E+02   0.19488144E+00
 0.12100000E+02   0.19425756E+00
 0.12200000E+02   0.19369312E+00
 0.12300000E+02   0.19318910E+00
 0.12400001E+02   0.19274634E+00
 0.12500000E+02   0.19236556E+00
 0.12600000E+02   0.19204737E+00
 0.12700000E+02   0.19179228E+00
 0.12800000E+02   0.19160070E+00
 0.12900001E+02   0.19147293E+00
 0.13000000E+02   0.19140920E+00
 0.13100000E+02   0.19140963E+00
 0.13200000E+02   0.19147427E+00
 0.13300000E+02   0.19160309E+00
 0.13400001E+02   0.19179596E+00
 0.13500000E+02   0.19205268E+00
 0.13600000E+02   0.19237295E+00
 0.13700000E+02   0.19275640E+00
 0.13800000E+02   0.19320256E+00
 0.13900001E+02   0.19371086E+00
 0.14000000E+02   0.19428065E+00
 0.14100000E+02   0.19491120E+00
 0.14200000E+02   0.19560161E+00
 0.14300000E+02   0.19635093E+00
 0.14400001E+02   0.19715807E+00
 0.14500000E+02   0.19802178E+00
 0.14600000E+02   0.19894074E+00
 0.14700000E+02   0.19991343E+00
 0.14800000E+02   0.20093818E+00
 0.14900001E+02   0.20201318E+00
 0.15000000E+02   0.20313643E+00
 0.15100000E+02   0.20430574E+00
 0.15200000E+02   0.20551871E+00
 0.15300000E+02   0.20677273E+00
 0.15400001E+02   0.20806494E+00
 0.15500000E+02   0.20939226E+00
 0.15600000E+02   0.21075134E+00
 0.15700000E+02   0.21213852E+00
 0.15800000E+02   0.21354988E+00
 0.15900001E+02   0.21498117E+00
 0.16000000E+02   0.21642780E+00
 0.16100000E+02   0.21788485E+00
 0.16200001E+02   0.21934702E+00
 0.16300001E+02   0.22080860E+00
 0.16400000E+02   0.22226351E+00
 0.16500000E+02   0.22370525E+00
 0.16600000E+02   0.22512683E+00
 0.16700001E+02   0.22652087E+00
 0.16800001E+02   0.22787946E+00
 0.16900000E+02   0.22919424E+00
 0.17000000E+02   0.23045632E+00
 0.17100000E+02   0.23165633E+00
 0.17200001E+02   0.23278435E+00
 0.17300001E+02   0.23382995E+00
 0.17400000E+02   0.23478219E+00
 0.17500000E+02   0.23562957E+00
 0.17600000E+02   0.23636010E+00
 0.17700001E+02   0.23696126E+00
 0.17800001E+02   0.23742004E+00
 0.17900000E+02   0.23772295E+00
 0.18000000E+02   0.23785606E+00
 0.18100000E+02   0.23780505E+00
 0.18200001E+02   0.23755521E+00
 0.18300001E+02   0.23709151E+00
 0.18400000E+02   0.23639871E+00
 0.18500000E+02   0.23546135E+00
 0.18600000E+02   0.23426393E+00
 0.18700001E+02   0.23279089E+00
 0.18800001E+02   0.23102683E+00
 0.18900000E+02   0.22895660E+00
 0.19000000E+02   0.22656536E+00
 0.19100000E+02   0.22383887E+00
 0.19200001E+02   0.22076353E+00
 0.19300001E+02   0.21732664E+00
 0.19400000E+02   0.21351653E+00
 0.19500000E+02   0.20932285E+00
 0.19600000E+02   0.20473672E+00
 0.19700001E+02   0.19975102E+00
 0.19800001E+02   0.19436058E+00
 0.19900000E+02   0.18856254E+00
 0.20000000E+02   0.18235649E+00
