 0.00000000E+00   0.00000000E+00
 0.10000000E+00   0.00000000E+00
 0.20000000E+00   0.00000000E+00
 0.30000001E+00   0.00000000E+00
 0.40000001E+00   0.41007052E-05
 0.50000000E+00   0.20503525E-04
 0.60000002E+00   0.61426668E-04
 0.69999999E+00   0.14293737E-03
 0.80000001E+00   0.28470191E-03
 0.90000004E+00   0.50965731E-03
 0.10000000E+01   0.84360968E-03
 0.11000000E+01   0.13147662E-02
 0.12000000E+01   0.19532104E-02
 0.13000001E+01   0.27903281E-02
 0.14000000E+01   0.38581979E-02
 0.15000000E+01   0.51889569E-02
 0.16000000E+01   0.68141520E-02
 0.17000000E+01   0.87640956E-02
 0.18000001E+01   0.11067232E-01
 0.19000000E+01   0.13749530E-01
 0.20000000E+01   0.16833913E-01
 0.21000001E+01   0.20339744E-01
 0.22000000E+01   0.24282364E-01
 0.23000000E+01   0.28672703E-01
 0.24000001E+01   0.33516962E-01
 0.25000000E+01   0.38816385E-01
 0.26000001E+01   0.44567104E-01
 0.27000000E+01   0.50760094E-01
 0.28000000E+01   0.57381187E-01
 0.29000001E+01   0.64411186E-01
 0.30000000E+01   0.71826071E-01
 0.31000001E+01   0.79597257E-01
 0.32000000E+01   0.87691963E-01
 0.33000000E+01   0.96073598E-01
 0.34000001E+01   0.10470223E+00
 0.35000000E+01   0.11353511E+00
 0.36000001E+01   0.12252717E+00
 0.37000000E+01   0.13163161E+00
 0.38000000E+01   0.14080054E+00
 0.39000001E+01   0.14998540E+00
 0.40000000E+01   0.15913773E+00
 0.40999999E+01   0.16820955E+00
 0.42000003E+01   0.17715400E+00
 0.43000002E+01   0.18592581E+00
 0.44000001E+01   0.19448170E+00
 0.45000000E+01   0.20278087E+00
 0.45999999E+01   0.21078533E+00
 0.47000003E+01   0.21846014E+00
 0.48000002E+01   0.22577378E+00
 0.49000001E+01   0.23269825E+00
 0.50000000E+01   0.23920922E+00
 0.50999999E+01   0.24528617E+00
 0.52000003E+01   0.25091231E+00
 0.53000002E+01   0.25607473E+00
 0.54000001E+01   0.26076412E+00
 0.55000000E+01   0.26497486E+00
 0.55999999E+01   0.26870477E+00
 0.57000003E+01   0.27195495E+00
 0.58000002E+01   0.27472961E+00
 0.59000001E+01   0.27703577E+00
 0.60000000E+01   0.27888316E+00
 0.60999999E+01   0.28028378E+00
 0.62000003E+01   0.28125182E+00
 0.63000002E+01   0.28180328E+00
 0.64000001E+01   0.28195578E+00
 0.65000000E+01   0.28172821E+00
 0.65999999E+01   0.28114057E+00
 0.67000003E+01   0.28021368E+00
 0.68000002E+01   0.27896902E+00
 0.69000001E+01   0.27742839E+00
 0.70000000E+01   0.27561381E+00
 0.70999999E+01   0.27354732E+00
 0.72000003E+01   0.27125078E+00
 0.73000002E+01   0.26874581E+00
 0.74000001E+01   0.26605353E+00
 0.75000000E+01   0.26319453E+00
 0.75999999E+01   0.26018879E+00
 0.77000003E+01   0.25705549E+00
 0.78000002E+01   0.25381312E+00
 0.79000001E+01   0.25047922E+00
 0.80000000E+01   0.24707054E+00
 0.81000004E+01   0.24360284E+00
 0.81999998E+01   0.24009103E+00
 0.83000002E+01   0.23654902E+00
 0.84000006E+01   0.23298982E+00
 0.85000000E+01   0.22942552E+00
 0.86000004E+01   0.22586732E+00
 0.86999998E+01   0.22232550E+00
 0.88000002E+01   0.21880955E+00
 0.89000006E+01   0.21532808E+00
 0.90000000E+01   0.21188894E+00
 0.91000004E+01   0.20849922E+00
 0.91999998E+01   0.20516533E+00
 0.93000002E+01   0.20189296E+00
 0.94000006E+01   0.19868720E+00
 0.95000000E+01   0.19555253E+00
 0.96000004E+01   0.19249290E+00
 0.96999998E+01   0.18951175E+00
 0.98000002E+01   0.18661201E+00
 0.99000006E+01   0.18379623E+00
 0.10000000E+02   0.18106650E+00
 0.10100000E+02   0.17842460E+00
 0.10200000E+02   0.17587195E+00
 0.10300000E+02   0.17340969E+00
 0.10400001E+02   0.17103866E+00
 0.10500000E+02   0.16875950E+00
 0.10600000E+02   0.16657262E+00
 0.10700000E+02   0.16447824E+00
 0.10800000E+02   0.16247644E+00
 0.10900001E+02   0.16056710E+00
 0.11000000E+02   0.15875006E+00
 0.11100000E+02   0.15702498E+00
 0.11200000E+02   0.15539148E+00
 0.11300000E+02   0.15384912E+00
 0.11400001E+02   0.15239738E+00
 0.11500000E+02   0.15103570E+00
 0.11600000E+02   0.14976349E+00
 0.11700000E+02   0.14858016E+00
 0.11800000E+02   0.14748512E+00
 0.11900001E+02   0.14647776E+00
 0.12000000E+02   0.14555748E+00
 0.12100000E+02   0.14472371E+00
 0.12200000E+02   0.14397591E+00
 0.12300000E+02   0.14331356E+00
 0.12400001E+02   0.14273618E+00
 0.12500000E+02   0.14224333E+00
 0.12600000E+02   0.14183460E+00
 0.12700000E+02   0.14150967E+00
 0.12800000E+02   0.14126822E+00
 0.12900001E+02   0.14111003E+00
 0.13000000E+02   0.14103492E+00
 0.13100000E+02   0.14104272E+00
 0.13200000E+02   0.14113340E+00
 0.13300000E+02   0.14130692E+00
 0.13400001E+02   0.14156334E+00
 0.13500000E+02   0.14190276E+00
 0.13600000E+02   0.14232533E+00
 0.13700000E+02   0.14283128E+00
 0.13800000E+02   0.14342088E+00
 0.13900001E+02   0.14409445E+00
 0.14000000E+02   0.14485238E+00
 0.14100000E+02   0.14569511E+00
 0.14200000E+02   0.14662309E+00
 0.14300000E+02   0.14763686E+00
 0.14400001E+02   0.14873695E+00
 0.14500000E+02   0.14992398E+00
 0.14600000E+02   0.15119854E+00
 0.14700000E+02   0.15256128E+00
 0.14800000E+02   0.15401284E+00
 0.14900001E+02   0.15555391E+00
 0.15000000E+02   0.15718514E+00
 0.15100000E+02   0.15890719E+00
 0.15200000E+02   0.16072071E+00
 0.15300000E+02   0.16262630E+00
 0.15400001E+02   0.16462454E+00
 0.15500000E+02   0.16671595E+00
 0.15600000E+02   0.16890100E+00
 0.15700000E+02   0.17118005E+00
 0.15800000E+02   0.17355341E+00
 0.15900001E+02   0.17602123E+00
 0.16000000E+02   0.17858356E+00
 0.16100000E+02   0.18124029E+00
 0.16200001E+02   0.18399113E+00
 0.16300001E+02   0.18683560E+00
 0.16400000E+02   0.18977299E+00
 0.16500000E+02   0.19280237E+00
 0.16600000E+02   0.19592249E+00
 0.16700001E+02   0.19913183E+00
 0.16800001E+02   0.20242850E+00
 0.16900000E+02   0.20581026E+00
 0.17000000E+02   0.20927446E+00
 0.17100000E+02   0.21281797E+00
 0.17200001E+02   0.21643721E+00
 0.17300001E+02   0.22012803E+00
 0.17400000E+02   0.22388574E+00
 0.17500000E+02   0.22770503E+00
 0.17600000E+02   0.23157987E+00
 0.17700001E+02   0.23550355E+00
 0.17800001E+02   0.23946860E+00
 0.17900000E+02   0.24346669E+00
 0.18000000E+02   0.24748863E+00
 0.18100000E+02   0.25152433E+00
 0.18200001E+02   0.25556266E+00
 0.18300001E+02   0.25959152E+00
 0.18400000E+02   0.26359770E+00
 0.18500000E+02   0.26756683E+00
 0.18600000E+02   0.27148336E+00
 0.18700001E+02   0.27533054E+00
 0.18800001E+02   0.27909034E+00
 0.18900000E+02   0.28274339E+00
 0.19000000E+02   0.28626907E+00
 0.19100000E+02   0.28964531E+00
 0.19200001E+02   0.29284877E+00
 0.19300001E+02   0.29585466E+00
 0.19400000E+02   0.29863688E+00
 0.19500000E+02   0.30116805E+00
 0.19600000E+02   0.30341944E+00
 0.19700001E+02   0.30536112E+00
 0.19800001E+02   0.30696201E+00
 0.19900000E+02   0.30819002E+00
 0.20000000E+02   0.30901214E+00
