 0.00000000E+00   0.55000000E+01
 0.99999998E-02   0.60483254E+01
 0.20000000E-01   0.64843573E+01
 0.29999999E-01   0.68553419E+01
 0.39999999E-01   0.71823882E+01
 0.49999997E-01   0.74771797E+01
 0.59999999E-01   0.77470020E+01
 0.70000000E-01   0.79967648E+01
 0.79999998E-01   0.82299633E+01
 0.89999996E-01   0.84491908E+01
 0.99999994E-01   0.86564338E+01
 0.11000000E+00   0.88532536E+01
 0.12000000E+00   0.90409036E+01
 0.13000000E+00   0.92204080E+01
 0.14000000E+00   0.93926161E+01
 0.14999999E+00   0.95582416E+01
 0.16000000E+00   0.97178908E+01
 0.17000000E+00   0.98720838E+01
 0.17999999E+00   0.10021271E+02
 0.19000000E+00   0.10165845E+02
 0.19999999E+00   0.10306151E+02
 0.20999999E+00   0.10442493E+02
 0.22000000E+00   0.10575143E+02
 0.22999999E+00   0.10704343E+02
 0.23999999E+00   0.10830310E+02
 0.25000000E+00   0.10953240E+02
 0.25999999E+00   0.11073311E+02
 0.26999998E+00   0.11190683E+02
 0.28000000E+00   0.11305505E+02
 0.28999999E+00   0.11417909E+02
 0.29999998E+00   0.11528020E+02
 0.31000000E+00   0.11635951E+02
 0.31999999E+00   0.11741807E+02
 0.32999998E+00   0.11845685E+02
 0.34000000E+00   0.11947673E+02
 0.34999999E+00   0.12047857E+02
 0.35999998E+00   0.12146312E+02
 0.37000000E+00   0.12243112E+02
 0.38000000E+00   0.12338323E+02
 0.38999999E+00   0.12432010E+02
 0.39999998E+00   0.12524231E+02
 0.41000000E+00   0.12615042E+02
 0.41999999E+00   0.12704496E+02
 0.42999998E+00   0.12792641E+02
 0.44000000E+00   0.12879525E+02
 0.44999999E+00   0.12965190E+02
 0.45999998E+00   0.13049678E+02
 0.47000000E+00   0.13133029E+02
 0.47999999E+00   0.13215280E+02
 0.48999998E+00   0.13296466E+02
 0.50000000E+00   0.13376620E+02
 0.50999999E+00   0.13455774E+02
 0.51999998E+00   0.13533959E+02
 0.52999997E+00   0.13611203E+02
 0.53999996E+00   0.13687534E+02
 0.55000001E+00   0.13762978E+02
 0.56000000E+00   0.13837560E+02
 0.56999999E+00   0.13911304E+02
 0.57999998E+00   0.13984232E+02
 0.58999997E+00   0.14056368E+02
 0.59999996E+00   0.14127730E+02
 0.61000001E+00   0.14198341E+02
 0.62000000E+00   0.14268218E+02
 0.63000000E+00   0.14337381E+02
 0.63999999E+00   0.14405847E+02
 0.64999998E+00   0.14473633E+02
 0.65999997E+00   0.14540756E+02
 0.66999996E+00   0.14607231E+02
 0.68000001E+00   0.14673074E+02
 0.69000000E+00   0.14738299E+02
 0.69999999E+00   0.14802919E+02
 0.70999998E+00   0.14866950E+02
 0.71999997E+00   0.14930403E+02
 0.72999996E+00   0.14993292E+02
 0.74000001E+00   0.15055629E+02
 0.75000000E+00   0.15117425E+02
 0.75999999E+00   0.15178692E+02
 0.76999998E+00   0.15239441E+02
 0.77999997E+00   0.15299682E+02
 0.78999996E+00   0.15359426E+02
 0.79999995E+00   0.15418683E+02
 0.81000000E+00   0.15477462E+02
 0.81999999E+00   0.15535773E+02
 0.82999998E+00   0.15593624E+02
 0.83999997E+00   0.15651026E+02
 0.84999996E+00   0.15707985E+02
 0.85999995E+00   0.15764511E+02
 0.87000000E+00   0.15820611E+02
 0.88000000E+00   0.15876293E+02
 0.88999999E+00   0.15931565E+02
 0.89999998E+00   0.15986434E+02
 0.90999997E+00   0.16040907E+02
 0.91999996E+00   0.16094991E+02
 0.93000001E+00   0.16148694E+02
 0.94000000E+00   0.16202020E+02
 0.94999999E+00   0.16254978E+02
 0.95999998E+00   0.16307572E+02
 0.96999997E+00   0.16359810E+02
 0.97999996E+00   0.16411697E+02
 0.98999995E+00   0.16463238E+02
 0.10000000E+01   0.16514439E+02
 0.10100000E+01   0.16565307E+02
 0.10200000E+01   0.16615845E+02
 0.10300000E+01   0.16666059E+02
 0.10400000E+01   0.16715955E+02
 0.10500000E+01   0.16765537E+02
 0.10599999E+01   0.16814810E+02
 0.10699999E+01   0.16863778E+02
 0.10799999E+01   0.16912447E+02
 0.10900000E+01   0.16960820E+02
 0.11000000E+01   0.17008902E+02
 0.11100000E+01   0.17056698E+02
 0.11200000E+01   0.17104211E+02
 0.11300000E+01   0.17151445E+02
 0.11400000E+01   0.17198405E+02
 0.11500000E+01   0.17245095E+02
 0.11600000E+01   0.17291517E+02
 0.11700000E+01   0.17337676E+02
 0.11799999E+01   0.17383576E+02
 0.11899999E+01   0.17429220E+02
 0.11999999E+01   0.17474611E+02
