 0.00000000E+00   0.25000000E+01
 0.99999998E-02   0.26707698E+01
 0.20000000E-01   0.28168944E+01
 0.29999999E-01   0.29462252E+01
 0.39999999E-01   0.30631099E+01
 0.49999997E-01   0.31702789E+01
 0.59999999E-01   0.32695872E+01
 0.70000000E-01   0.33623667E+01
 0.79999998E-01   0.34496125E+01
 0.89999996E-01   0.35320924E+01
 0.99999994E-01   0.36104135E+01
 0.11000000E+00   0.36850655E+01
 0.12000000E+00   0.37564509E+01
 0.13000000E+00   0.38249046E+01
 0.14000000E+00   0.38907090E+01
 0.14999999E+00   0.39541052E+01
 0.16000000E+00   0.40153003E+01
 0.17000000E+00   0.40744741E+01
 0.17999999E+00   0.41317840E+01
 0.19000000E+00   0.41873683E+01
 0.19999999E+00   0.42413497E+01
 0.20999999E+00   0.42938371E+01
 0.22000000E+00   0.43449283E+01
 0.22999999E+00   0.43947111E+01
 0.23999999E+00   0.44432646E+01
 0.25000000E+00   0.44906607E+01
 0.25999999E+00   0.45369647E+01
 0.26999998E+00   0.45822362E+01
 0.28000000E+00   0.46265296E+01
 0.28999999E+00   0.46698952E+01
 0.29999998E+00   0.47123790E+01
 0.31000000E+00   0.47540234E+01
 0.31999999E+00   0.47948679E+01
 0.32999998E+00   0.48349490E+01
 0.34000000E+00   0.48743005E+01
 0.34999999E+00   0.49129539E+01
 0.35999998E+00   0.49509388E+01
 0.37000000E+00   0.49882825E+01
 0.38000000E+00   0.50250108E+01
 0.38999999E+00   0.50611478E+01
 0.39999998E+00   0.50967163E+01
 0.41000000E+00   0.51317374E+01
 0.41999999E+00   0.51662312E+01
 0.42999998E+00   0.52002166E+01
 0.44000000E+00   0.52337115E+01
 0.44999999E+00   0.52667328E+01
 0.45999998E+00   0.52992963E+01
 0.47000000E+00   0.53314173E+01
 0.47999999E+00   0.53631100E+01
 0.48999998E+00   0.53943881E+01
 0.50000000E+00   0.54252645E+01
 0.50999999E+00   0.54557515E+01
 0.51999998E+00   0.54858609E+01
 0.52999997E+00   0.55156038E+01
 0.53999996E+00   0.55449908E+01
 0.55000001E+00   0.55740322E+01
 0.56000000E+00   0.56027376E+01
 0.56999999E+00   0.56311163E+01
 0.57999998E+00   0.56591772E+01
 0.58999997E+00   0.56869288E+01
 0.59999996E+00   0.57143793E+01
 0.61000001E+00   0.57415364E+01
 0.62000000E+00   0.57684077E+01
 0.63000000E+00   0.57950003E+01
 0.63999999E+00   0.58213213E+01
 0.64999998E+00   0.58473771E+01
 0.65999997E+00   0.58731742E+01
 0.66999996E+00   0.58987188E+01
 0.68000001E+00   0.59240167E+01
 0.69000000E+00   0.59490737E+01
 0.69999999E+00   0.59738953E+01
 0.70999998E+00   0.59984867E+01
 0.71999997E+00   0.60228530E+01
 0.72999996E+00   0.60469993E+01
 0.74000001E+00   0.60709303E+01
 0.75000000E+00   0.60946504E+01
 0.75999999E+00   0.61181643E+01
 0.76999998E+00   0.61414763E+01
 0.77999997E+00   0.61645903E+01
 0.78999996E+00   0.61875106E+01
 0.79999995E+00   0.62102410E+01
 0.81000000E+00   0.62327852E+01
 0.81999999E+00   0.62551469E+01
 0.82999998E+00   0.62773297E+01
 0.83999997E+00   0.62993370E+01
 0.84999996E+00   0.63211722E+01
 0.85999995E+00   0.63428383E+01
 0.87000000E+00   0.63643387E+01
 0.88000000E+00   0.63856763E+01
 0.88999999E+00   0.64068542E+01
 0.89999998E+00   0.64278751E+01
 0.90999997E+00   0.64487418E+01
 0.91999996E+00   0.64694571E+01
 0.93000001E+00   0.64900237E+01
 0.94000000E+00   0.65104440E+01
 0.94999999E+00   0.65307206E+01
 0.95999998E+00   0.65508560E+01
 0.96999997E+00   0.65708524E+01
 0.97999996E+00   0.65907121E+01
 0.98999995E+00   0.66104375E+01
 0.10000000E+01   0.66300307E+01
 0.10100000E+01   0.66494938E+01
 0.10200000E+01   0.66688290E+01
 0.10300000E+01   0.66880382E+01
 0.10400000E+01   0.67071233E+01
 0.10500000E+01   0.67260865E+01
 0.10599999E+01   0.67449294E+01
 0.10699999E+01   0.67636539E+01
 0.10799999E+01   0.67822619E+01
 0.10900000E+01   0.68007551E+01
 0.11000000E+01   0.68191351E+01
 0.11100000E+01   0.68374037E+01
 0.11200000E+01   0.68555625E+01
 0.11300000E+01   0.68736130E+01
 0.11400000E+01   0.68915568E+01
 0.11500000E+01   0.69093955E+01
 0.11600000E+01   0.69271304E+01
 0.11700000E+01   0.69447631E+01
 0.11799999E+01   0.69622950E+01
 0.11899999E+01   0.69797275E+01
 0.11999999E+01   0.69970619E+01
