 0.00000000E+00   0.45000000E+01
 0.99999998E-02   0.49010185E+01
 0.20000000E-01   0.52274223E+01
 0.29999999E-01   0.55084900E+01
 0.39999999E-01   0.57581341E+01
 0.49999997E-01   0.59843205E+01
 0.59999999E-01   0.61921288E+01
 0.70000000E-01   0.63850381E+01
 0.79999998E-01   0.65655561E+01
 0.89999996E-01   0.67355619E+01
 0.99999994E-01   0.68965066E+01
 0.11000000E+00   0.70495388E+01
 0.12000000E+00   0.71955858E+01
 0.13000000E+00   0.73354092E+01
 0.14000000E+00   0.74696433E+01
 0.14999999E+00   0.75988234E+01
 0.16000000E+00   0.77234056E+01
 0.17000000E+00   0.78437826E+01
 0.17999999E+00   0.79602953E+01
 0.19000000E+00   0.80732416E+01
 0.19999999E+00   0.81828840E+01
 0.20999999E+00   0.82894548E+01
 0.22000000E+00   0.83931611E+01
 0.22999999E+00   0.84941880E+01
 0.23999999E+00   0.85927023E+01
 0.25000000E+00   0.86888543E+01
 0.25999999E+00   0.87827804E+01
 0.26999998E+00   0.88746048E+01
 0.28000000E+00   0.89644406E+01
 0.28999999E+00   0.90523917E+01
 0.29999998E+00   0.91385533E+01
 0.31000000E+00   0.92230132E+01
 0.31999999E+00   0.93058522E+01
 0.32999998E+00   0.93871455E+01
 0.34000000E+00   0.94669624E+01
 0.34999999E+00   0.95453678E+01
 0.35999998E+00   0.96224216E+01
 0.37000000E+00   0.96981802E+01
 0.38000000E+00   0.97726959E+01
 0.38999999E+00   0.98460180E+01
 0.39999998E+00   0.99181926E+01
 0.41000000E+00   0.99892630E+01
 0.41999999E+00   0.10059270E+02
 0.42999998E+00   0.10128252E+02
 0.44000000E+00   0.10196245E+02
 0.44999999E+00   0.10263283E+02
 0.45999998E+00   0.10329399E+02
 0.47000000E+00   0.10394623E+02
 0.47999999E+00   0.10458985E+02
 0.48999998E+00   0.10522511E+02
 0.50000000E+00   0.10585229E+02
 0.50999999E+00   0.10647162E+02
 0.51999998E+00   0.10708335E+02
 0.52999997E+00   0.10768770E+02
 0.53999996E+00   0.10828488E+02
 0.55000001E+00   0.10887511E+02
 0.56000000E+00   0.10945857E+02
 0.56999999E+00   0.11003545E+02
 0.57999998E+00   0.11060594E+02
 0.58999997E+00   0.11117020E+02
 0.59999996E+00   0.11172840E+02
 0.61000001E+00   0.11228069E+02
 0.62000000E+00   0.11282724E+02
 0.63000000E+00   0.11336817E+02
 0.63999999E+00   0.11390363E+02
 0.64999998E+00   0.11443375E+02
 0.65999997E+00   0.11495867E+02
 0.66999996E+00   0.11547851E+02
 0.68000001E+00   0.11599337E+02
 0.69000000E+00   0.11650339E+02
 0.69999999E+00   0.11700867E+02
 0.70999998E+00   0.11750931E+02
 0.71999997E+00   0.11800543E+02
 0.72999996E+00   0.11849711E+02
 0.74000001E+00   0.11898445E+02
 0.75000000E+00   0.11946755E+02
 0.75999999E+00   0.11994650E+02
 0.76999998E+00   0.12042138E+02
 0.77999997E+00   0.12089227E+02
 0.78999996E+00   0.12135926E+02
 0.79999995E+00   0.12182243E+02
 0.81000000E+00   0.12228184E+02
 0.81999999E+00   0.12273758E+02
 0.82999998E+00   0.12318972E+02
 0.83999997E+00   0.12363831E+02
 0.84999996E+00   0.12408344E+02
 0.85999995E+00   0.12452517E+02
 0.87000000E+00   0.12496355E+02
 0.88000000E+00   0.12539866E+02
 0.88999999E+00   0.12583054E+02
 0.89999998E+00   0.12625926E+02
 0.90999997E+00   0.12668487E+02
 0.91999996E+00   0.12710743E+02
 0.93000001E+00   0.12752699E+02
 0.94000000E+00   0.12794361E+02
 0.94999999E+00   0.12835732E+02
 0.95999998E+00   0.12876819E+02
 0.96999997E+00   0.12917625E+02
 0.97999996E+00   0.12958156E+02
 0.98999995E+00   0.12998416E+02
 0.10000000E+01   0.13038410E+02
 0.10100000E+01   0.13078141E+02
 0.10200000E+01   0.13117613E+02
 0.10300000E+01   0.13156832E+02
 0.10400000E+01   0.13195800E+02
 0.10500000E+01   0.13234523E+02
 0.10599999E+01   0.13273002E+02
 0.10699999E+01   0.13311243E+02
 0.10799999E+01   0.13349249E+02
 0.10900000E+01   0.13387022E+02
 0.11000000E+01   0.13424568E+02
 0.11100000E+01   0.13461888E+02
 0.11200000E+01   0.13498987E+02
 0.11300000E+01   0.13535867E+02
 0.11400000E+01   0.13572532E+02
 0.11500000E+01   0.13608985E+02
 0.11600000E+01   0.13645228E+02
 0.11700000E+01   0.13681264E+02
 0.11799999E+01   0.13717097E+02
 0.11899999E+01   0.13752730E+02
 0.11999999E+01   0.13788164E+02
