 0.00000000E+00   0.50000000E+00
 0.99999998E-02   0.52348183E+00
 0.20000000E-01   0.54449818E+00
 0.29999999E-01   0.56364197E+00
 0.39999999E-01   0.58129766E+00
 0.49999997E-01   0.59773295E+00
 0.59999999E-01   0.61314372E+00
 0.70000000E-01   0.62767866E+00
 0.79999998E-01   0.64145391E+00
 0.89999996E-01   0.65456229E+00
 0.99999994E-01   0.66707937E+00
 0.11000000E+00   0.67906769E+00
 0.12000000E+00   0.69057967E+00
 0.13000000E+00   0.70165977E+00
 0.14000000E+00   0.71234609E+00
 0.14999999E+00   0.72267158E+00
 0.16000000E+00   0.73266492E+00
 0.17000000E+00   0.74235129E+00
 0.17999999E+00   0.75175294E+00
 0.19000000E+00   0.76088961E+00
 0.19999999E+00   0.76977894E+00
 0.20999999E+00   0.77843673E+00
 0.22000000E+00   0.78687724E+00
 0.22999999E+00   0.79511336E+00
 0.23999999E+00   0.80315680E+00
 0.25000000E+00   0.81101821E+00
 0.25999999E+00   0.81870735E+00
 0.26999998E+00   0.82623316E+00
 0.28000000E+00   0.83360386E+00
 0.28999999E+00   0.84082700E+00
 0.29999998E+00   0.84790961E+00
 0.31000000E+00   0.85485814E+00
 0.31999999E+00   0.86167863E+00
 0.32999998E+00   0.86837667E+00
 0.34000000E+00   0.87495747E+00
 0.34999999E+00   0.88142590E+00
 0.35999998E+00   0.88778651E+00
 0.37000000E+00   0.89404358E+00
 0.38000000E+00   0.90020109E+00
 0.38999999E+00   0.90626281E+00
 0.39999998E+00   0.91223229E+00
 0.41000000E+00   0.91811284E+00
 0.41999999E+00   0.92390763E+00
 0.42999998E+00   0.92961962E+00
 0.44000000E+00   0.93525162E+00
 0.44999999E+00   0.94080630E+00
 0.45999998E+00   0.94628618E+00
 0.47000000E+00   0.95169366E+00
 0.47999999E+00   0.95703100E+00
 0.48999998E+00   0.96230037E+00
 0.50000000E+00   0.96750383E+00
 0.50999999E+00   0.97264334E+00
 0.51999998E+00   0.97772078E+00
 0.52999997E+00   0.98273791E+00
 0.53999996E+00   0.98769646E+00
 0.55000001E+00   0.99259804E+00
 0.56000000E+00   0.99744422E+00
 0.56999999E+00   0.10022365E+01
 0.57999998E+00   0.10069763E+01
 0.58999997E+00   0.10116649E+01
 0.59999996E+00   0.10163038E+01
 0.61000001E+00   0.10208941E+01
 0.62000000E+00   0.10254370E+01
 0.63000000E+00   0.10299338E+01
 0.63999999E+00   0.10343855E+01
 0.64999998E+00   0.10387933E+01
 0.65999997E+00   0.10431581E+01
 0.66999996E+00   0.10474810E+01
 0.68000001E+00   0.10517628E+01
 0.69000000E+00   0.10560046E+01
 0.69999999E+00   0.10602073E+01
 0.70999998E+00   0.10643716E+01
 0.71999997E+00   0.10684985E+01
 0.72999996E+00   0.10725887E+01
 0.74000001E+00   0.10766430E+01
 0.75000000E+00   0.10806621E+01
 0.75999999E+00   0.10846468E+01
 0.76999998E+00   0.10885979E+01
 0.77999997E+00   0.10925158E+01
 0.78999996E+00   0.10964014E+01
 0.79999995E+00   0.11002553E+01
 0.81000000E+00   0.11040781E+01
 0.81999999E+00   0.11078703E+01
 0.82999998E+00   0.11116326E+01
 0.83999997E+00   0.11153655E+01
 0.84999996E+00   0.11190696E+01
 0.85999995E+00   0.11227454E+01
 0.87000000E+00   0.11263934E+01
 0.88000000E+00   0.11300141E+01
 0.88999999E+00   0.11336081E+01
 0.89999998E+00   0.11371757E+01
 0.90999997E+00   0.11407174E+01
 0.91999996E+00   0.11442338E+01
 0.93000001E+00   0.11477251E+01
 0.94000000E+00   0.11511920E+01
 0.94999999E+00   0.11546346E+01
 0.95999998E+00   0.11580536E+01
 0.96999997E+00   0.11614491E+01
 0.97999996E+00   0.11648218E+01
 0.98999995E+00   0.11681718E+01
 0.10000000E+01   0.11714995E+01
 0.10100000E+01   0.11748054E+01
 0.10200000E+01   0.11780898E+01
 0.10300000E+01   0.11813529E+01
 0.10400000E+01   0.11845952E+01
 0.10500000E+01   0.11878169E+01
 0.10599999E+01   0.11910183E+01
 0.10699999E+01   0.11941999E+01
 0.10799999E+01   0.11973617E+01
 0.10900000E+01   0.12005042E+01
 0.11000000E+01   0.12036277E+01
 0.11100000E+01   0.12067323E+01
 0.11200000E+01   0.12098184E+01
 0.11300000E+01   0.12128862E+01
 0.11400000E+01   0.12159361E+01
 0.11500000E+01   0.12189682E+01
 0.11600000E+01   0.12219827E+01
 0.11700000E+01   0.12249800E+01
 0.11799999E+01   0.12279603E+01
 0.11899999E+01   0.12309238E+01
 0.11999999E+01   0.12338707E+01
