 0.00000000E+00   0.35000000E+01
 0.99999998E-02   0.37748583E+01
 0.20000000E-01   0.40042701E+01
 0.29999999E-01   0.42045213E+01
 0.39999999E-01   0.43839205E+01
 0.49999997E-01   0.45474273E+01
 0.59999999E-01   0.46982958E+01
 0.70000000E-01   0.48388015E+01
 0.79999998E-01   0.49706116E+01
 0.89999996E-01   0.50949917E+01
 0.99999994E-01   0.52129295E+01
 0.11000000E+00   0.53252138E+01
 0.12000000E+00   0.54324865E+01
 0.13000000E+00   0.55352779E+01
 0.14000000E+00   0.56340326E+01
 0.14999999E+00   0.57291273E+01
 0.16000000E+00   0.58208846E+01
 0.17000000E+00   0.59095833E+01
 0.17999999E+00   0.59954661E+01
 0.19000000E+00   0.60787461E+01
 0.19999999E+00   0.61596114E+01
 0.20999999E+00   0.62382288E+01
 0.22000000E+00   0.63147475E+01
 0.22999999E+00   0.63893011E+01
 0.23999999E+00   0.64620102E+01
 0.25000000E+00   0.65329837E+01
 0.25999999E+00   0.66023206E+01
 0.26999998E+00   0.66701110E+01
 0.28000000E+00   0.67364374E+01
 0.28999999E+00   0.68013753E+01
 0.29999998E+00   0.68649943E+01
 0.31000000E+00   0.69273583E+01
 0.31999999E+00   0.69885267E+01
 0.32999998E+00   0.70485543E+01
 0.34000000E+00   0.71074919E+01
 0.34999999E+00   0.71653870E+01
 0.35999998E+00   0.72222836E+01
 0.37000000E+00   0.72782231E+01
 0.38000000E+00   0.73332439E+01
 0.38999999E+00   0.73873822E+01
 0.39999998E+00   0.74406719E+01
 0.41000000E+00   0.74931450E+01
 0.41999999E+00   0.75448312E+01
 0.42999998E+00   0.75957591E+01
 0.44000000E+00   0.76459551E+01
 0.44999999E+00   0.76954446E+01
 0.45999998E+00   0.77442514E+01
 0.47000000E+00   0.77923980E+01
 0.47999999E+00   0.78399059E+01
 0.48999998E+00   0.78867954E+01
 0.50000000E+00   0.79330858E+01
 0.50999999E+00   0.79787955E+01
 0.51999998E+00   0.80239420E+01
 0.52999997E+00   0.80685419E+01
 0.53999996E+00   0.81126111E+01
 0.55000001E+00   0.81561648E+01
 0.56000000E+00   0.81992175E+01
 0.56999999E+00   0.82417829E+01
 0.57999998E+00   0.82838744E+01
 0.58999997E+00   0.83255046E+01
 0.59999996E+00   0.83666856E+01
 0.61000001E+00   0.84074292E+01
 0.62000000E+00   0.84477464E+01
 0.63000000E+00   0.84876480E+01
 0.63999999E+00   0.85271443E+01
 0.64999998E+00   0.85662452E+01
 0.65999997E+00   0.86049602E+01
 0.66999996E+00   0.86432985E+01
 0.68000001E+00   0.86812688E+01
 0.69000000E+00   0.87188797E+01
 0.69999999E+00   0.87561394E+01
 0.70999998E+00   0.87930557E+01
 0.71999997E+00   0.88296362E+01
 0.72999996E+00   0.88658884E+01
 0.74000001E+00   0.89018193E+01
 0.75000000E+00   0.89374357E+01
 0.75999999E+00   0.89727443E+01
 0.76999998E+00   0.90077515E+01
 0.77999997E+00   0.90424634E+01
 0.78999996E+00   0.90768861E+01
 0.79999995E+00   0.91110254E+01
 0.81000000E+00   0.91448869E+01
 0.81999999E+00   0.91784760E+01
 0.82999998E+00   0.92117980E+01
 0.83999997E+00   0.92448581E+01
 0.84999996E+00   0.92776611E+01
 0.85999995E+00   0.93102120E+01
 0.87000000E+00   0.93425153E+01
 0.88000000E+00   0.93745756E+01
 0.88999999E+00   0.94063974E+01
 0.89999998E+00   0.94379848E+01
 0.90999997E+00   0.94693421E+01
 0.91999996E+00   0.95004733E+01
 0.93000001E+00   0.95313823E+01
 0.94000000E+00   0.95620730E+01
 0.94999999E+00   0.95925490E+01
 0.95999998E+00   0.96228140E+01
 0.96999997E+00   0.96528716E+01
 0.97999996E+00   0.96827250E+01
 0.98999995E+00   0.97123778E+01
 0.10000000E+01   0.97418331E+01
 0.10100000E+01   0.97710941E+01
 0.10200000E+01   0.98001639E+01
 0.10300000E+01   0.98290455E+01
 0.10400000E+01   0.98577419E+01
 0.10500000E+01   0.98862559E+01
 0.10599999E+01   0.99145904E+01
 0.10699999E+01   0.99427480E+01
 0.10799999E+01   0.99707314E+01
 0.10900000E+01   0.99985432E+01
 0.11000000E+01   0.10026186E+02
 0.11100000E+01   0.10053662E+02
 0.11200000E+01   0.10080974E+02
 0.11300000E+01   0.10108125E+02
 0.11400000E+01   0.10135115E+02
 0.11500000E+01   0.10161949E+02
 0.11600000E+01   0.10188628E+02
 0.11700000E+01   0.10215153E+02
 0.11799999E+01   0.10241529E+02
 0.11899999E+01   0.10267755E+02
 0.11999999E+01   0.10293835E+02
