 0.00000000E+00   0.15000000E+01
 0.99999998E-02   0.15856583E+01
 0.20000000E-01   0.16606892E+01
 0.29999999E-01   0.17280461E+01
 0.39999999E-01   0.17895058E+01
 0.49999997E-01   0.18462454E+01
 0.59999999E-01   0.18990955E+01
 0.70000000E-01   0.19486693E+01
 0.79999998E-01   0.19954352E+01
 0.89999996E-01   0.20397612E+01
 0.99999994E-01   0.20819421E+01
 0.11000000E+00   0.21222190E+01
 0.12000000E+00   0.21607917E+01
 0.13000000E+00   0.21978280E+01
 0.14000000E+00   0.22334708E+01
 0.14999999E+00   0.22678422E+01
 0.16000000E+00   0.23010484E+01
 0.17000000E+00   0.23331816E+01
 0.17999999E+00   0.23643230E+01
 0.19000000E+00   0.23945444E+01
 0.19999999E+00   0.24239094E+01
 0.20999999E+00   0.24524750E+01
 0.22000000E+00   0.24802923E+01
 0.22999999E+00   0.25074073E+01
 0.23999999E+00   0.25338618E+01
 0.25000000E+00   0.25596935E+01
 0.25999999E+00   0.25849370E+01
 0.26999998E+00   0.26096237E+01
 0.28000000E+00   0.26337827E+01
 0.28999999E+00   0.26574405E+01
 0.29999998E+00   0.26806216E+01
 0.31000000E+00   0.27033487E+01
 0.31999999E+00   0.27256428E+01
 0.32999998E+00   0.27475233E+01
 0.34000000E+00   0.27690084E+01
 0.34999999E+00   0.27901150E+01
 0.35999998E+00   0.28108587E+01
 0.37000000E+00   0.28312544E+01
 0.38000000E+00   0.28513159E+01
 0.38999999E+00   0.28710561E+01
 0.39999998E+00   0.28904873E+01
 0.41000000E+00   0.29096208E+01
 0.41999999E+00   0.29284674E+01
 0.42999998E+00   0.29470374E+01
 0.44000000E+00   0.29653404E+01
 0.44999999E+00   0.29833854E+01
 0.45999998E+00   0.30011811E+01
 0.47000000E+00   0.30187357E+01
 0.47999999E+00   0.30360569E+01
 0.48999998E+00   0.30531521E+01
 0.50000000E+00   0.30700282E+01
 0.50999999E+00   0.30866919E+01
 0.51999998E+00   0.31031497E+01
 0.52999997E+00   0.31194074E+01
 0.53999996E+00   0.31354710E+01
 0.55000001E+00   0.31513458E+01
 0.56000000E+00   0.31670373E+01
 0.56999999E+00   0.31825503E+01
 0.57999998E+00   0.31978898E+01
 0.58999997E+00   0.32130603E+01
 0.59999996E+00   0.32280664E+01
 0.61000001E+00   0.32429121E+01
 0.62000000E+00   0.32576016E+01
 0.63000000E+00   0.32721388E+01
 0.63999999E+00   0.32865275E+01
 0.64999998E+00   0.33007713E+01
 0.65999997E+00   0.33148736E+01
 0.66999996E+00   0.33288378E+01
 0.68000001E+00   0.33426671E+01
 0.69000000E+00   0.33563646E+01
 0.69999999E+00   0.33699334E+01
 0.70999998E+00   0.33833762E+01
 0.71999997E+00   0.33966959E+01
 0.72999996E+00   0.34098952E+01
 0.74000001E+00   0.34229767E+01
 0.75000000E+00   0.34359428E+01
 0.75999999E+00   0.34487960E+01
 0.76999998E+00   0.34615386E+01
 0.77999997E+00   0.34741730E+01
 0.78999996E+00   0.34867012E+01
 0.79999995E+00   0.34991255E+01
 0.81000000E+00   0.35114479E+01
 0.81999999E+00   0.35236704E+01
 0.82999998E+00   0.35357948E+01
 0.83999997E+00   0.35478232E+01
 0.84999996E+00   0.35597572E+01
 0.85999995E+00   0.35715988E+01
 0.87000000E+00   0.35833495E+01
 0.88000000E+00   0.35950111E+01
 0.88999999E+00   0.36065851E+01
 0.89999998E+00   0.36180732E+01
 0.90999997E+00   0.36294768E+01
 0.91999996E+00   0.36407975E+01
 0.93000001E+00   0.36520366E+01
 0.94000000E+00   0.36631956E+01
 0.94999999E+00   0.36742759E+01
 0.95999998E+00   0.36852788E+01
 0.96999997E+00   0.36962055E+01
 0.97999996E+00   0.37070574E+01
 0.98999995E+00   0.37178356E+01
 0.10000000E+01   0.37285414E+01
 0.10100000E+01   0.37391759E+01
 0.10200000E+01   0.37497402E+01
 0.10300000E+01   0.37602355E+01
 0.10400000E+01   0.37706629E+01
 0.10500000E+01   0.37810233E+01
 0.10599999E+01   0.37913179E+01
 0.10699999E+01   0.38015475E+01
 0.10799999E+01   0.38117133E+01
 0.10900000E+01   0.38218161E+01
 0.11000000E+01   0.38318569E+01
 0.11100000E+01   0.38418366E+01
 0.11200000E+01   0.38517561E+01
 0.11300000E+01   0.38616162E+01
 0.11400000E+01   0.38714179E+01
 0.11500000E+01   0.38811619E+01
 0.11600000E+01   0.38908490E+01
 0.11700000E+01   0.39004801E+01
 0.11799999E+01   0.39100559E+01
 0.11899999E+01   0.39195772E+01
 0.11999999E+01   0.39290447E+01
